{
    "categories": [
        {
            "name": "head",
            "color": "FFEBEBEB",
            "size_mult": 2
        },
        {
            "name": "left",
            "color": "FFA33F37",
            "size_mult": 2
        },
        {
            "name": "right",
            "color": "FF23A157",
            "size_mult": 2
        }
    ],
    "frames": [
        {
            "items": [
                {
                    "category": "head",
                    "position": "0.6975353, 1.453071, -0.7594626"
                },
                {
                    "category": "head",
                    "position": "0.6975353, 1.453071, -0.7594626",
                    "axis_x": "0.9876674, 0.03243592, 0.1531702",
                    "axis_y": "-0.142112, 0.5962904, 0.7900898",
                    "axis_z": "-0.0657066, -0.8021133, 0.5935461",
                    "size": 0.25
                },
                {
                    "category": "left",
                    "position": "-0.09805842, 1.145428, -1.050074"
                },
                {
                    "category": "left",
                    "position": "-0.09805842, 1.145428, -1.050074",
                    "axis_x": "0.4969753, -0.5211262, -0.6938609",
                    "axis_y": "0.2347598, -0.6890374, 0.6856494",
                    "axis_z": "-0.8354061, -0.5036415, -0.2200951",
                    "size": 0.25
                },
                {
                    "category": "right",
                    "position": "1.516792, 1.154484, -0.7864038"
                },
                {
                    "category": "right",
                    "position": "1.516792, 1.154484, -0.7864038",
                    "axis_x": "0.7606944, 0.5847683, 0.2817625",
                    "axis_y": "-0.2653923, -0.1159512, 0.9571428",
                    "axis_z": "0.5923774, -0.8028707, 0.06698962",
                    "size": 0.25
                },
                {
                    "position": "0, 0, 0",
                    "axis_x": "1, 0, 0",
                    "axis_y": "0, 1, 0",
                    "axis_z": "0, 0, 1",
                    "size": 1
                }
            ],
            "text": []
        }
    ],
    "text": []
}