{
    "categories": [
        {
            "name": "head",
            "color": "FFEBEBEB",
            "size_mult": 2
        },
        {
            "name": "left",
            "color": "FFA33F37",
            "size_mult": 2
        },
        {
            "name": "right",
            "color": "FF23A157",
            "size_mult": 2
        }
    ],
    "frames": [
        {
            "items": [
                {
                    "category": "head",
                    "position": "0.6966265, 1.447752, -0.7494161"
                },
                {
                    "category": "head",
                    "position": "0.6966265, 1.447752, -0.7494161",
                    "axis_x": "0.985708, 0.03914531, 0.1638517",
                    "axis_y": "-0.1565552, 0.5720344, 0.8051504",
                    "axis_z": "-0.06221096, -0.819295, 0.5699872",
                    "size": 0.25
                },
                {
                    "category": "left",
                    "position": "-0.1407114, 1.233062, -0.9583498"
                },
                {
                    "category": "left",
                    "position": "-0.1407114, 1.233062, -0.9583498",
                    "axis_x": "0.1223535, -0.9893931, -0.0783008",
                    "axis_y": "-0.002406299, -0.07918912, 0.9968567",
                    "axis_z": "-0.9924836, -0.1217806, -0.01206991",
                    "size": 0.25
                },
                {
                    "category": "right",
                    "position": "1.57915, 1.270901, -0.7076069"
                },
                {
                    "category": "right",
                    "position": "1.57915, 1.270901, -0.7076069",
                    "axis_x": "0.1406601, 0.9474808, -0.2872192",
                    "axis_y": "-0.1904772, 0.3105817, 0.9312666",
                    "axis_z": "0.9715622, -0.0762834, 0.22416",
                    "size": 0.25
                },
                {
                    "position": "0, 0, 0",
                    "axis_x": "1, 0, 0",
                    "axis_y": "0, 1, 0",
                    "axis_z": "0, 0, 1",
                    "size": 1
                }
            ],
            "text": []
        }
    ],
    "text": []
}