{
    "categories": [
        {
            "name": "head",
            "color": "FFEBEBEB",
            "size_mult": 2
        },
        {
            "name": "left",
            "color": "FFA33F37",
            "size_mult": 2
        },
        {
            "name": "right",
            "color": "FF23A157",
            "size_mult": 2
        }
    ],
    "frames": [
        {
            "items": [
                {
                    "category": "head",
                    "position": "0.6965433, 1.44671, -0.7468669"
                },
                {
                    "category": "head",
                    "position": "0.6965433, 1.44671, -0.7468669",
                    "axis_x": "0.9859311, 0.03732477, 0.1629317",
                    "axis_y": "-0.1549914, 0.5691347, 0.8075044",
                    "axis_z": "-0.06259015, -0.8213967, 0.5669126",
                    "size": 0.25
                },
                {
                    "category": "left",
                    "position": "-0.1536423, 1.237384, -0.9982339"
                },
                {
                    "category": "left",
                    "position": "-0.1536423, 1.237384, -0.9982339",
                    "axis_x": "0.0313051, -0.9994973, 0.005022794",
                    "axis_y": "-0.1643071, -0.0001892745, 0.9864093",
                    "axis_z": "-0.9859124, -0.03170493, -0.1642305",
                    "size": 0.25
                },
                {
                    "category": "right",
                    "position": "1.597633, 1.281115, -0.7441001"
                },
                {
                    "category": "right",
                    "position": "1.597633, 1.281115, -0.7441001",
                    "axis_x": "0.1367142, 0.813776, -0.5648697",
                    "axis_y": "-0.04217294, 0.5744881, 0.8174257",
                    "axis_z": "0.9897124, -0.08793154, 0.11286",
                    "size": 0.25
                },
                {
                    "position": "0, 0, 0",
                    "axis_x": "1, 0, 0",
                    "axis_y": "0, 1, 0",
                    "axis_z": "0, 0, 1",
                    "size": 1
                }
            ],
            "text": []
        }
    ],
    "text": []
}