{
    "categories": [
        {
            "name": "head",
            "color": "FFEBEBEB",
            "size_mult": 2
        },
        {
            "name": "left",
            "color": "FFA33F37",
            "size_mult": 2
        },
        {
            "name": "right",
            "color": "FF23A157",
            "size_mult": 2
        }
    ],
    "frames": [
        {
            "items": [
                {
                    "category": "head",
                    "position": "0.6944128, 1.448514, -0.7709403"
                },
                {
                    "category": "head",
                    "position": "0.6944128, 1.448514, -0.7709403",
                    "axis_x": "0.9840269, 0.04387397, 0.1725287",
                    "axis_y": "-0.1662333, 0.5732444, 0.802345",
                    "axis_z": "-0.06369902, -0.818209, 0.5713812",
                    "size": 0.25
                },
                {
                    "category": "left",
                    "position": "-0.1299336, 1.223155, -0.9646307"
                },
                {
                    "category": "left",
                    "position": "-0.1299336, 1.223155, -0.9646307",
                    "axis_x": "0.1580633, -0.9821008, -0.1024408",
                    "axis_y": "0.1459644, -0.07936597, 0.9861012",
                    "axis_z": "-0.976581, -0.1708191, 0.1308069",
                    "size": 0.25
                },
                {
                    "category": "right",
                    "position": "1.577389, 1.241717, -0.7471232"
                },
                {
                    "category": "right",
                    "position": "1.577389, 1.241717, -0.7471232",
                    "axis_x": "0.1563817, 0.9826421, 0.09979752",
                    "axis_y": "-0.3035162, -0.04834205, 0.9515992",
                    "axis_z": "0.9399058, -0.1791029, 0.2906879",
                    "size": 0.25
                },
                {
                    "position": "0, 0, 0",
                    "axis_x": "1, 0, 0",
                    "axis_y": "0, 1, 0",
                    "axis_z": "0, 0, 1",
                    "size": 1
                }
            ],
            "text": []
        }
    ],
    "text": []
}