{
    "categories": [
        {
            "name": "head",
            "color": "FFEBEBEB",
            "size_mult": 2
        },
        {
            "name": "left",
            "color": "FFA33F37",
            "size_mult": 2
        },
        {
            "name": "right",
            "color": "FF23A157",
            "size_mult": 2
        }
    ],
    "frames": [
        {
            "items": [
                {
                    "category": "head",
                    "position": "0.6940079, 1.447807, -0.7545688"
                },
                {
                    "category": "head",
                    "position": "0.6940079, 1.447807, -0.7545688",
                    "axis_x": "0.9847376, 0.03749473, 0.1699586",
                    "axis_y": "-0.1603408, 0.5752553, 0.8021049",
                    "axis_z": "-0.06769489, -0.8171142, 0.5724875",
                    "size": 0.25
                },
                {
                    "category": "left",
                    "position": "-0.06794629, 1.15659, -0.946661"
                },
                {
                    "category": "left",
                    "position": "-0.06794629, 1.15659, -0.946661",
                    "axis_x": "0.6738712, -0.6905947, -0.2626342",
                    "axis_y": "0.2987059, -0.07047552, 0.9517395",
                    "axis_z": "-0.6757755, -0.7198002, 0.1587933",
                    "size": 0.25
                },
                {
                    "category": "right",
                    "position": "1.502613, 1.191737, -0.7107487"
                },
                {
                    "category": "right",
                    "position": "1.502613, 1.191737, -0.7107487",
                    "axis_x": "0.8233151, 0.567454, 0.01217568",
                    "axis_y": "-0.2333852, 0.3189068, 0.918602",
                    "axis_z": "0.5173815, -0.7591406, 0.3949962",
                    "size": 0.25
                },
                {
                    "position": "0, 0, 0",
                    "axis_x": "1, 0, 0",
                    "axis_y": "0, 1, 0",
                    "axis_z": "0, 0, 1",
                    "size": 1
                }
            ],
            "text": []
        }
    ],
    "text": []
}