{
    "categories": [
        {
            "name": "head",
            "color": "FFEBEBEB",
            "size_mult": 2
        },
        {
            "name": "left",
            "color": "FFA33F37",
            "size_mult": 2
        },
        {
            "name": "right",
            "color": "FF23A157",
            "size_mult": 2
        }
    ],
    "frames": [
        {
            "items": [
                {
                    "category": "head",
                    "position": "0.6947156, 1.452256, -0.7631474"
                },
                {
                    "category": "head",
                    "position": "0.6947156, 1.452256, -0.7631474",
                    "axis_x": "0.9854861, 0.04189827, 0.1645039",
                    "axis_y": "-0.1570629, 0.5927171, 0.7899479",
                    "axis_z": "-0.06440685, -0.8043203, 0.5906951",
                    "size": 0.25
                },
                {
                    "category": "left",
                    "position": "-0.1438513, 1.25365, -0.9500592"
                },
                {
                    "category": "left",
                    "position": "-0.1438513, 1.25365, -0.9500592",
                    "axis_x": "-0.03390962, -0.9560148, 0.2913521",
                    "axis_y": "-0.0858705, 0.2932287, 0.9521782",
                    "axis_z": "-0.9957291, 0.007269442, -0.09203675",
                    "size": 0.25
                },
                {
                    "category": "right",
                    "position": "1.598938, 1.290642, -0.7686852"
                },
                {
                    "category": "right",
                    "position": "1.598938, 1.290642, -0.7686852",
                    "axis_x": "0.2148566, 0.5315188, -0.8193439",
                    "axis_y": "0.05269758, 0.8314052, 0.553162",
                    "axis_z": "0.9752229, -0.1620279, 0.1506231",
                    "size": 0.25
                },
                {
                    "position": "0, 0, 0",
                    "axis_x": "1, 0, 0",
                    "axis_y": "0, 1, 0",
                    "axis_z": "0, 0, 1",
                    "size": 1
                }
            ],
            "text": []
        }
    ],
    "text": []
}