{
    "categories": [
        {
            "name": "head",
            "color": "FFEBEBEB",
            "size_mult": 2
        },
        {
            "name": "left",
            "color": "FFA33F37",
            "size_mult": 2
        },
        {
            "name": "right",
            "color": "FF23A157",
            "size_mult": 2
        }
    ],
    "frames": [
        {
            "items": [
                {
                    "category": "head",
                    "position": "0.7338847, 1.653062, -0.9545002"
                },
                {
                    "category": "head",
                    "position": "0.7338847, 1.653062, -0.9545002",
                    "axis_x": "0.9993629, -0.00892093, 0.03455671",
                    "axis_y": "0.03390948, 0.5393188, -0.8414187",
                    "axis_z": "-0.01113084, 0.8420544, 0.5392777",
                    "size": 0.25
                },
                {
                    "category": "left",
                    "position": "-0.119592, 1.20984, -1.022631"
                },
                {
                    "category": "left",
                    "position": "-0.119592, 1.20984, -1.022631",
                    "axis_x": "0.3219943, -0.7518451, -0.5753683",
                    "axis_y": "0.1416044, -0.5626525, 0.8144755",
                    "axis_z": "-0.9360918, -0.3437312, -0.07470629",
                    "size": 0.25
                },
                {
                    "category": "right",
                    "position": "1.56492, 1.27738, -0.7605537"
                },
                {
                    "category": "right",
                    "position": "1.56492, 1.27738, -0.7605537",
                    "axis_x": "0.6680403, 0.5053561, -0.5462028",
                    "axis_y": "-0.05226642, 0.7640734, 0.6430086",
                    "axis_z": "0.7422873, -0.4010076, 0.536845",
                    "size": 0.25
                },
                {
                    "position": "0, 0, 0",
                    "axis_x": "1, 0, 0",
                    "axis_y": "0, 1, 0",
                    "axis_z": "0, 0, 1",
                    "size": 1
                }
            ],
            "text": []
        }
    ],
    "text": []
}