{
    "categories": [
        {
            "name": "head",
            "color": "FFEBEBEB",
            "size_mult": 2
        },
        {
            "name": "left",
            "color": "FFA33F37",
            "size_mult": 2
        },
        {
            "name": "right",
            "color": "FF23A157",
            "size_mult": 2
        }
    ],
    "frames": [
        {
            "items": [
                {
                    "category": "head",
                    "position": "0.7324597, 1.653479, -0.956486"
                },
                {
                    "category": "head",
                    "position": "0.7324597, 1.653479, -0.956486",
                    "axis_x": "0.9995028, -0.004524963, 0.03120384",
                    "axis_y": "0.02847732, 0.5543802, -0.8317762",
                    "axis_z": "-0.01353503, 0.8322513, 0.5542334",
                    "size": 0.25
                },
                {
                    "category": "left",
                    "position": "-0.1547152, 1.302649, -1.007766"
                },
                {
                    "category": "left",
                    "position": "-0.1547152, 1.302649, -1.007766",
                    "axis_x": "-0.1412064, -0.9605788, 0.2394768",
                    "axis_y": "-0.2275707, 0.2669183, 0.9364648",
                    "axis_z": "-0.9634689, 0.07773688, -0.2562902",
                    "size": 0.25
                },
                {
                    "category": "right",
                    "position": "1.602603, 1.304926, -0.7867518"
                },
                {
                    "category": "right",
                    "position": "1.602603, 1.304926, -0.7867518",
                    "axis_x": "0.2192466, 0.6598328, -0.7187152",
                    "axis_y": "0.01479802, 0.7343044, 0.6786591",
                    "axis_z": "0.9755572, -0.1594292, 0.1512295",
                    "size": 0.25
                },
                {
                    "position": "0, 0, 0",
                    "axis_x": "1, 0, 0",
                    "axis_y": "0, 1, 0",
                    "axis_z": "0, 0, 1",
                    "size": 1
                }
            ],
            "text": []
        }
    ],
    "text": []
}