{
    "categories": [
        {
            "name": "head",
            "color": "FFEBEBEB",
            "size_mult": 2
        },
        {
            "name": "left",
            "color": "FFA33F37",
            "size_mult": 2
        },
        {
            "name": "right",
            "color": "FF23A157",
            "size_mult": 2
        }
    ],
    "frames": [
        {
            "items": [
                {
                    "category": "head",
                    "position": "0.7290115, 1.653872, -0.9350853"
                },
                {
                    "category": "head",
                    "position": "0.7290115, 1.653872, -0.9350853",
                    "axis_x": "0.9995989, -0.002740783, 0.02818888",
                    "axis_y": "0.02449052, 0.5835401, -0.8117149",
                    "axis_z": "-0.01422461, 0.8120797, 0.5833731",
                    "size": 0.25
                },
                {
                    "category": "left",
                    "position": "-0.1444319, 1.233223, -1.021419"
                },
                {
                    "category": "left",
                    "position": "-0.1444319, 1.233223, -1.021419",
                    "axis_x": "0.1854229, -0.9000261, -0.3944254",
                    "axis_y": "-0.08355474, -0.4143729, 0.9062637",
                    "axis_z": "-0.9791001, -0.135086, -0.1520357",
                    "size": 0.25
                },
                {
                    "category": "right",
                    "position": "1.581151, 1.261551, -0.7761658"
                },
                {
                    "category": "right",
                    "position": "1.581151, 1.261551, -0.7761658",
                    "axis_x": "0.54946, 0.5582152, -0.6216828",
                    "axis_y": "0.05134308, 0.7201024, 0.6919656",
                    "axis_z": "0.833941, -0.4121265, 0.367007",
                    "size": 0.25
                },
                {
                    "position": "0, 0, 0",
                    "axis_x": "1, 0, 0",
                    "axis_y": "0, 1, 0",
                    "axis_z": "0, 0, 1",
                    "size": 1
                }
            ],
            "text": []
        }
    ],
    "text": []
}