{
    "categories": [
        {
            "name": "head",
            "color": "FFEBEBEB",
            "size_mult": 2
        },
        {
            "name": "left",
            "color": "FFA33F37",
            "size_mult": 2
        },
        {
            "name": "right",
            "color": "FF23A157",
            "size_mult": 2
        }
    ],
    "frames": [
        {
            "items": [
                {
                    "category": "head",
                    "position": "0.7270983, 1.653188, -0.9481339"
                },
                {
                    "category": "head",
                    "position": "0.7270983, 1.653188, -0.9481339",
                    "axis_x": "0.9994888, 0.003091292, 0.03182216",
                    "axis_y": "0.02454118, 0.5637665, -0.8255695",
                    "axis_z": "-0.02049235, 0.8259284, 0.5634024",
                    "size": 0.25
                },
                {
                    "category": "left",
                    "position": "-0.1469299, 1.308544, -1.078684"
                },
                {
                    "category": "left",
                    "position": "-0.1469299, 1.308544, -1.078684",
                    "axis_x": "-0.4935821, -0.640623, 0.5882",
                    "axis_y": "-0.4471162, 0.767018, 0.4601853",
                    "axis_z": "-0.7459653, -0.03585459, -0.6650193",
                    "size": 0.25
                },
                {
                    "category": "right",
                    "position": "1.608355, 1.30582, -0.9858257"
                },
                {
                    "category": "right",
                    "position": "1.608355, 1.30582, -0.9858257",
                    "axis_x": "-0.7042145, 0.178531, -0.6871743",
                    "axis_y": "0.2412994, 0.9704387, 0.00484132",
                    "axis_z": "0.6677248, -0.1624054, -0.7264764",
                    "size": 0.25
                },
                {
                    "position": "0, 0, 0",
                    "axis_x": "1, 0, 0",
                    "axis_y": "0, 1, 0",
                    "axis_z": "0, 0, 1",
                    "size": 1
                }
            ],
            "text": []
        }
    ],
    "text": []
}