{
    "categories": [
        {
            "name": "head",
            "color": "FFEBEBEB",
            "size_mult": 2
        },
        {
            "name": "left",
            "color": "FFA33F37",
            "size_mult": 2
        },
        {
            "name": "right",
            "color": "FF23A157",
            "size_mult": 2
        }
    ],
    "frames": [
        {
            "items": [
                {
                    "category": "head",
                    "position": "0.7366893, 1.652313, -0.9697289"
                },
                {
                    "category": "head",
                    "position": "0.7366893, 1.652313, -0.9697289",
                    "axis_x": "0.9992927, -0.01061062, 0.0360758",
                    "axis_y": "0.03638605, 0.5150099, -0.8564116",
                    "axis_z": "-0.00949234, 0.8571185, 0.5150317",
                    "size": 0.25
                },
                {
                    "category": "left",
                    "position": "-0.1356569, 1.248443, -1.020376"
                },
                {
                    "category": "left",
                    "position": "-0.1356569, 1.248443, -1.020376",
                    "axis_x": "0.1334453, -0.988937, -0.06477532",
                    "axis_y": "-0.029677, -0.06931806, 0.997153",
                    "axis_z": "-0.9906117, -0.1311431, -0.03859884",
                    "size": 0.25
                },
                {
                    "category": "right",
                    "position": "1.613678, 1.258581, -0.819598"
                },
                {
                    "category": "right",
                    "position": "1.613678, 1.258581, -0.819598",
                    "axis_x": "0.06807277, 0.9976397, -0.009010434",
                    "axis_y": "-0.1039569, 0.01607502, 0.9944519",
                    "axis_z": "0.9922495, -0.06675839, 0.1048058",
                    "size": 0.25
                },
                {
                    "position": "0, 0, 0",
                    "axis_x": "1, 0, 0",
                    "axis_y": "0, 1, 0",
                    "axis_z": "0, 0, 1",
                    "size": 1
                }
            ],
            "text": []
        }
    ],
    "text": []
}