{
    "categories": [
        {
            "name": "head",
            "color": "FFEBEBEB",
            "size_mult": 2
        },
        {
            "name": "left",
            "color": "FFA33F37",
            "size_mult": 2
        },
        {
            "name": "right",
            "color": "FF23A157",
            "size_mult": 2
        }
    ],
    "frames": [
        {
            "items": [
                {
                    "category": "head",
                    "position": "0.7372482, 1.652549, -0.9579039"
                },
                {
                    "category": "head",
                    "position": "0.7372482, 1.652549, -0.9579039",
                    "axis_x": "0.9990579, -0.01039191, 0.04213535",
                    "axis_y": "0.04130963, 0.5252727, -0.8499307",
                    "axis_z": "-0.01330015, 0.8508705, 0.5252071",
                    "size": 0.25
                },
                {
                    "category": "left",
                    "position": "-0.1489846, 1.269858, -1.069757"
                },
                {
                    "category": "left",
                    "position": "-0.1489846, 1.269858, -1.069757",
                    "axis_x": "-0.03471228, -0.9925164, 0.1170751",
                    "axis_y": "-0.4089194, 0.1209958, 0.9045138",
                    "axis_z": "-0.9119102, -0.01647663, -0.4100593",
                    "size": 0.25
                },
                {
                    "category": "right",
                    "position": "1.628843, 1.315282, -0.9051041"
                },
                {
                    "category": "right",
                    "position": "1.628843, 1.315282, -0.9051041",
                    "axis_x": "-0.4169254, 0.3385218, -0.8435497",
                    "axis_y": "0.2380281, 0.936334, 0.258111",
                    "axis_z": "0.8772205, -0.09317552, -0.4709591",
                    "size": 0.25
                },
                {
                    "position": "0, 0, 0",
                    "axis_x": "1, 0, 0",
                    "axis_y": "0, 1, 0",
                    "axis_z": "0, 0, 1",
                    "size": 1
                }
            ],
            "text": []
        }
    ],
    "text": []
}