{
    "categories": [
        {
            "name": "head",
            "color": "FFEBEBEB",
            "size_mult": 2
        },
        {
            "name": "left",
            "color": "FFA33F37",
            "size_mult": 2
        },
        {
            "name": "right",
            "color": "FF23A157",
            "size_mult": 2
        }
    ],
    "frames": [
        {
            "items": [
                {
                    "category": "head",
                    "position": "0.8249298, 1.602764, -0.8093393"
                },
                {
                    "category": "head",
                    "position": "0.8249298, 1.602764, -0.8093393",
                    "axis_x": "0.4791955, -0.02621133, -0.8773168",
                    "axis_y": "0.07111672, 0.997427, 0.009044541",
                    "axis_z": "0.8748223, -0.06672599, 0.4798266",
                    "size": 0.25
                },
                {
                    "category": "left",
                    "position": "-0.1617865, 1.29355, -0.9945076"
                },
                {
                    "category": "left",
                    "position": "-0.1617865, 1.29355, -0.9945076",
                    "axis_x": "0.07408282, -0.9448444, -0.319031",
                    "axis_y": "-0.1183716, -0.3259798, 0.9379367",
                    "axis_z": "-0.990202, -0.03172082, -0.1359922",
                    "size": 0.25
                },
                {
                    "category": "right",
                    "position": "1.593185, 1.283881, -0.7891811"
                },
                {
                    "category": "right",
                    "position": "1.593185, 1.283881, -0.7891811",
                    "axis_x": "0.3919117, 0.8596624, -0.3276978",
                    "axis_y": "0.05480891, 0.3337427, 0.9410695",
                    "axis_z": "0.9183688, -0.3867769, 0.08368048",
                    "size": 0.25
                },
                {
                    "position": "0, 0, 0",
                    "axis_x": "1, 0, 0",
                    "axis_y": "0, 1, 0",
                    "axis_z": "0, 0, 1",
                    "size": 1
                }
            ],
            "text": []
        }
    ],
    "text": []
}