{
    "categories": [
        {
            "name": "head",
            "color": "FFEBEBEB",
            "size_mult": 2
        },
        {
            "name": "left",
            "color": "FFA33F37",
            "size_mult": 2
        },
        {
            "name": "right",
            "color": "FF23A157",
            "size_mult": 2
        }
    ],
    "frames": [
        {
            "items": [
                {
                    "category": "head",
                    "position": "0.8251892, 1.603901, -0.8106749"
                },
                {
                    "category": "head",
                    "position": "0.8251892, 1.603901, -0.8106749",
                    "axis_x": "0.4809634, -0.04163931, -0.8757513",
                    "axis_y": "0.07512841, 0.9971549, -0.006151076",
                    "axis_z": "0.8735158, -0.06283537, 0.4827233",
                    "size": 0.25
                },
                {
                    "category": "left",
                    "position": "-0.1140401, 1.488057, -0.9462301"
                },
                {
                    "category": "left",
                    "position": "-0.1140401, 1.488057, -0.9462301",
                    "axis_x": "-0.8333216, -0.5181974, 0.1924746",
                    "axis_y": "0.1011583, 0.1993565, 0.9746917",
                    "axis_z": "-0.5434538, 0.8317021, -0.1137081",
                    "size": 0.25
                },
                {
                    "category": "right",
                    "position": "1.610407, 1.337949, -0.802513"
                },
                {
                    "category": "right",
                    "position": "1.610407, 1.337949, -0.802513",
                    "axis_x": "0.0007009506, 0.9846926, -0.1742988",
                    "axis_y": "-0.07179406, 0.1738987, 0.982143",
                    "axis_z": "0.9974192, 0.0118252, 0.07081696",
                    "size": 0.25
                },
                {
                    "position": "0, 0, 0",
                    "axis_x": "1, 0, 0",
                    "axis_y": "0, 1, 0",
                    "axis_z": "0, 0, 1",
                    "size": 1
                }
            ],
            "text": []
        }
    ],
    "text": []
}