{
    "categories": [
        {
            "name": "head",
            "color": "FFEBEBEB",
            "size_mult": 2
        },
        {
            "name": "left",
            "color": "FFA33F37",
            "size_mult": 2
        },
        {
            "name": "right",
            "color": "FF23A157",
            "size_mult": 2
        }
    ],
    "frames": [
        {
            "items": [
                {
                    "category": "head",
                    "position": "0.8259636, 1.603246, -0.8138049"
                },
                {
                    "category": "head",
                    "position": "0.8259636, 1.603246, -0.8138049",
                    "axis_x": "0.4826922, -0.02773405, -0.8753508",
                    "axis_y": "0.06960506, 0.9975516, 0.006776338",
                    "axis_z": "0.8730197, -0.06419973, 0.4834408",
                    "size": 0.25
                },
                {
                    "category": "left",
                    "position": "-0.164901, 1.361898, -0.9754137"
                },
                {
                    "category": "left",
                    "position": "-0.164901, 1.361898, -0.9754137",
                    "axis_x": "-0.1912015, -0.9628791, 0.1905413",
                    "axis_y": "-0.2069433, 0.2293039, 0.9511015",
                    "axis_z": "-0.9594877, 0.1424207, -0.2431046",
                    "size": 0.25
                },
                {
                    "category": "right",
                    "position": "1.620542, 1.369306, -0.8394998"
                },
                {
                    "category": "right",
                    "position": "1.620542, 1.369306, -0.8394998",
                    "axis_x": "-0.2183621, 0.6748854, -0.7048742",
                    "axis_y": "0.06139931, 0.7303753, 0.6802808",
                    "axis_z": "0.9739344, 0.1052688, -0.2009238",
                    "size": 0.25
                },
                {
                    "position": "0, 0, 0",
                    "axis_x": "1, 0, 0",
                    "axis_y": "0, 1, 0",
                    "axis_z": "0, 0, 1",
                    "size": 1
                }
            ],
            "text": []
        }
    ],
    "text": []
}