{
    "categories": [
        {
            "name": "head",
            "color": "FFEBEBEB",
            "size_mult": 2
        },
        {
            "name": "left",
            "color": "FFA33F37",
            "size_mult": 2
        },
        {
            "name": "right",
            "color": "FF23A157",
            "size_mult": 2
        }
    ],
    "frames": [
        {
            "items": [
                {
                    "category": "head",
                    "position": "0.8235723, 1.604375, -0.8151937"
                },
                {
                    "category": "head",
                    "position": "0.8235723, 1.604375, -0.8151937",
                    "axis_x": "0.4784076, -0.03468801, -0.8774525",
                    "axis_y": "0.06987827, 0.9975547, -0.001336692",
                    "axis_z": "0.8753532, -0.06067538, 0.4796617",
                    "size": 0.25
                },
                {
                    "category": "left",
                    "position": "-0.1580116, 1.290875, -1.01985"
                },
                {
                    "category": "left",
                    "position": "-0.1580116, 1.290875, -1.01985",
                    "axis_x": "0.1602256, -0.8022449, -0.5750921",
                    "axis_y": "-0.09472138, -0.5924268, 0.8000365",
                    "axis_z": "-0.9825251, -0.07371289, -0.1709117",
                    "size": 0.25
                },
                {
                    "category": "right",
                    "position": "1.616857, 1.37689, -0.835381"
                },
                {
                    "category": "right",
                    "position": "1.616857, 1.37689, -0.835381",
                    "axis_x": "0.08543731, 0.01563201, -0.9962209",
                    "axis_y": "0.167746, 0.9853783, 0.02984799",
                    "axis_z": "0.9821211, -0.1696622, 0.08156587",
                    "size": 0.25
                },
                {
                    "position": "0, 0, 0",
                    "axis_x": "1, 0, 0",
                    "axis_y": "0, 1, 0",
                    "axis_z": "0, 0, 1",
                    "size": 1
                }
            ],
            "text": []
        }
    ],
    "text": []
}