{
    "categories": [
        {
            "name": "head",
            "color": "FFEBEBEB",
            "size_mult": 2
        },
        {
            "name": "left",
            "color": "FFA33F37",
            "size_mult": 2
        },
        {
            "name": "right",
            "color": "FF23A157",
            "size_mult": 2
        }
    ],
    "frames": [
        {
            "items": [
                {
                    "category": "head",
                    "position": "0.8252757, 1.603935, -0.8168352"
                },
                {
                    "category": "head",
                    "position": "0.8252757, 1.603935, -0.8168352",
                    "axis_x": "0.4821434, -0.03995558, -0.8751807",
                    "axis_y": "0.07018241, 0.9975105, -0.006876431",
                    "axis_z": "0.8732767, -0.05810687, 0.4837473",
                    "size": 0.25
                },
                {
                    "category": "left",
                    "position": "-0.1579627, 1.313054, -0.9923154"
                },
                {
                    "category": "left",
                    "position": "-0.1579627, 1.313054, -0.9923154",
                    "axis_x": "0.1089195, -0.9705471, -0.2148837",
                    "axis_y": "-0.1166001, -0.2271516, 0.9668541",
                    "axis_z": "-0.9871885, -0.08025387, -0.1379072",
                    "size": 0.25
                },
                {
                    "category": "right",
                    "position": "1.620142, 1.385049, -0.8499465"
                },
                {
                    "category": "right",
                    "position": "1.620142, 1.385049, -0.8499465",
                    "axis_x": "-0.06081396, 0.04348778, -0.9972014",
                    "axis_y": "0.11746, 0.9924207, 0.03611605",
                    "axis_z": "0.9912139, -0.1149349, -0.06546111",
                    "size": 0.25
                },
                {
                    "position": "0, 0, 0",
                    "axis_x": "1, 0, 0",
                    "axis_y": "0, 1, 0",
                    "axis_z": "0, 0, 1",
                    "size": 1
                }
            ],
            "text": []
        }
    ],
    "text": []
}