{
    "categories": [
        {
            "name": "head",
            "color": "FFEBEBEB",
            "size_mult": 2
        },
        {
            "name": "left",
            "color": "FFA33F37",
            "size_mult": 2
        },
        {
            "name": "right",
            "color": "FF23A157",
            "size_mult": 2
        }
    ],
    "frames": [
        {
            "items": [
                {
                    "category": "head",
                    "position": "0.8259455, 1.597871, -0.8433616"
                },
                {
                    "category": "head",
                    "position": "0.8259455, 1.597871, -0.8433616",
                    "axis_x": "0.4646111, -0.05331812, -0.8839082",
                    "axis_y": "0.07727492, 0.9968189, -0.01951076",
                    "axis_z": "0.8821366, -0.05923901, 0.4672533",
                    "size": 0.25
                },
                {
                    "category": "left",
                    "position": "-0.1564534, 1.31838, -0.9810239"
                },
                {
                    "category": "left",
                    "position": "-0.1564534, 1.31838, -0.9810239",
                    "axis_x": "0.01592469, -0.9787536, -0.2044208",
                    "axis_y": "0.0737789, -0.2027391, 0.9764494",
                    "axis_z": "-0.9971474, -0.03063154, 0.06898284",
                    "size": 0.25
                },
                {
                    "category": "right",
                    "position": "1.612226, 1.322403, -0.8200164"
                },
                {
                    "category": "right",
                    "position": "1.612226, 1.322403, -0.8200164",
                    "axis_x": "0.07278681, 0.9965512, 0.03984827",
                    "axis_y": "-0.05226815, -0.03608787, 0.9979808",
                    "axis_z": "0.995977, -0.07472262, 0.04946113",
                    "size": 0.25
                },
                {
                    "position": "0, 0, 0",
                    "axis_x": "1, 0, 0",
                    "axis_y": "0, 1, 0",
                    "axis_z": "0, 0, 1",
                    "size": 1
                }
            ],
            "text": []
        }
    ],
    "text": []
}