{
    "categories": [
        {
            "name": "head",
            "color": "FFEBEBEB",
            "size_mult": 2
        },
        {
            "name": "left",
            "color": "FFA33F37",
            "size_mult": 2
        },
        {
            "name": "right",
            "color": "FF23A157",
            "size_mult": 2
        }
    ],
    "frames": [
        {
            "items": [
                {
                    "category": "head",
                    "position": "0.6218188, 1.601073, -0.8288426"
                },
                {
                    "category": "head",
                    "position": "0.6218188, 1.601073, -0.8288426",
                    "axis_x": "0.3974987, 0.0866612, 0.9135013",
                    "axis_y": "-0.1304757, 0.9907528, -0.03721498",
                    "axis_z": "-0.9082791, -0.1043968, 0.4051301",
                    "size": 0.25
                },
                {
                    "category": "left",
                    "position": "-0.1198208, 1.246735, -1.000498"
                },
                {
                    "category": "left",
                    "position": "-0.1198208, 1.246735, -1.000498",
                    "axis_x": "0.4320559, -0.8380351, -0.3332041",
                    "axis_y": "3.740191E-05, -0.369452, 0.9292499",
                    "axis_z": "-0.9018468, -0.4015004, -0.1595926",
                    "size": 0.25
                },
                {
                    "category": "right",
                    "position": "1.613547, 1.369142, -0.8093484"
                },
                {
                    "category": "right",
                    "position": "1.613547, 1.369142, -0.8093484",
                    "axis_x": "0.1729775, 0.3430983, -0.9232348",
                    "axis_y": "-0.03055982, 0.938783, 0.3431508",
                    "axis_z": "0.9844516, -0.03114349, 0.1728734",
                    "size": 0.25
                },
                {
                    "position": "0, 0, 0",
                    "axis_x": "1, 0, 0",
                    "axis_y": "0, 1, 0",
                    "axis_z": "0, 0, 1",
                    "size": 1
                }
            ],
            "text": []
        }
    ],
    "text": []
}