{
    "categories": [
        {
            "name": "head",
            "color": "FFEBEBEB",
            "size_mult": 2
        },
        {
            "name": "left",
            "color": "FFA33F37",
            "size_mult": 2
        },
        {
            "name": "right",
            "color": "FF23A157",
            "size_mult": 2
        }
    ],
    "frames": [
        {
            "items": [
                {
                    "category": "head",
                    "position": "0.6212943, 1.603581, -0.8100195"
                },
                {
                    "category": "head",
                    "position": "0.6212943, 1.603581, -0.8100195",
                    "axis_x": "0.3983533, 0.08988328, 0.9128174",
                    "axis_y": "-0.1275426, 0.9909469, -0.04191695",
                    "axis_z": "-0.9083213, -0.0997254, 0.406211",
                    "size": 0.25
                },
                {
                    "category": "left",
                    "position": "-0.1459846, 1.300464, -0.9775203"
                },
                {
                    "category": "left",
                    "position": "-0.1459846, 1.300464, -0.9775203",
                    "axis_x": "0.02245852, -0.983958, -0.1769812",
                    "axis_y": "0.05987692, -0.1753842, 0.9826776",
                    "axis_z": "-0.9979531, -0.03266659, 0.05497745",
                    "size": 0.25
                },
                {
                    "category": "right",
                    "position": "1.610789, 1.300252, -0.7940424"
                },
                {
                    "category": "right",
                    "position": "1.610789, 1.300252, -0.7940424",
                    "axis_x": "0.06361368, 0.9977001, 0.02340561",
                    "axis_y": "-0.1907471, -0.01086536, 0.9815791",
                    "axis_z": "0.9795758, -0.06690645, 0.1896173",
                    "size": 0.25
                },
                {
                    "position": "0, 0, 0",
                    "axis_x": "1, 0, 0",
                    "axis_y": "0, 1, 0",
                    "axis_z": "0, 0, 1",
                    "size": 1
                }
            ],
            "text": []
        }
    ],
    "text": []
}