{
    "categories": [
        {
            "name": "head",
            "color": "FFEBEBEB",
            "size_mult": 2
        },
        {
            "name": "left",
            "color": "FFA33F37",
            "size_mult": 2
        },
        {
            "name": "right",
            "color": "FF23A157",
            "size_mult": 2
        }
    ],
    "frames": [
        {
            "items": [
                {
                    "category": "head",
                    "position": "0.6192746, 1.601459, -0.8204091"
                },
                {
                    "category": "head",
                    "position": "0.6192746, 1.601459, -0.8204091",
                    "axis_x": "0.3935524, 0.08127661, 0.9157022",
                    "axis_y": "-0.1270838, 0.9913304, -0.03337096",
                    "axis_z": "-0.9104759, -0.1032377, 0.4004694",
                    "size": 0.25
                },
                {
                    "category": "left",
                    "position": "-0.1487406, 1.276161, -1.000897"
                },
                {
                    "category": "left",
                    "position": "-0.1487406, 1.276161, -1.000897",
                    "axis_x": "0.1529233, -0.9260623, -0.3449974",
                    "axis_y": "-0.1624161, -0.3679082, 0.9155681",
                    "axis_z": "-0.9748003, -0.08397868, -0.2066694",
                    "size": 0.25
                },
                {
                    "category": "right",
                    "position": "1.627185, 1.314417, -0.8360683"
                },
                {
                    "category": "right",
                    "position": "1.627185, 1.314417, -0.8360683",
                    "axis_x": "0.01544742, 0.7557935, -0.654628",
                    "axis_y": "0.1321127, 0.6474232, 0.7505928",
                    "axis_z": "0.9911144, -0.09807941, -0.08984888",
                    "size": 0.25
                },
                {
                    "position": "0, 0, 0",
                    "axis_x": "1, 0, 0",
                    "axis_y": "0, 1, 0",
                    "axis_z": "0, 0, 1",
                    "size": 1
                }
            ],
            "text": []
        }
    ],
    "text": []
}