{
    "categories": [
        {
            "name": "head",
            "color": "FFEBEBEB",
            "size_mult": 2
        },
        {
            "name": "left",
            "color": "FFA33F37",
            "size_mult": 2
        },
        {
            "name": "right",
            "color": "FF23A157",
            "size_mult": 2
        }
    ],
    "frames": [
        {
            "items": [
                {
                    "category": "head",
                    "position": "0.6207913, 1.60071, -0.8302691"
                },
                {
                    "category": "head",
                    "position": "0.6207913, 1.60071, -0.8302691",
                    "axis_x": "0.4022412, 0.08274747, 0.9117866",
                    "axis_y": "-0.1298859, 0.9909917, -0.03263549",
                    "axis_z": "-0.9062735, -0.1053009, 0.4093654",
                    "size": 0.25
                },
                {
                    "category": "left",
                    "position": "-0.1331451, 1.283951, -0.9527825"
                },
                {
                    "category": "left",
                    "position": "-0.1331451, 1.283951, -0.9527825",
                    "axis_x": "0.2100777, -0.9772292, -0.02983901",
                    "axis_y": "0.07831642, -0.01360184, 0.9968358",
                    "axis_z": "-0.9745429, -0.2117499, 0.07367563",
                    "size": 0.25
                },
                {
                    "category": "right",
                    "position": "1.621947, 1.349526, -0.8285962"
                },
                {
                    "category": "right",
                    "position": "1.621947, 1.349526, -0.8285962",
                    "axis_x": "0.1333611, 0.3128316, -0.9403995",
                    "axis_y": "0.07973797, 0.9424123, 0.3248091",
                    "axis_z": "0.9878545, -0.1183024, 0.1007366",
                    "size": 0.25
                },
                {
                    "position": "0, 0, 0",
                    "axis_x": "1, 0, 0",
                    "axis_y": "0, 1, 0",
                    "axis_z": "0, 0, 1",
                    "size": 1
                }
            ],
            "text": []
        }
    ],
    "text": []
}