{
    "categories": [
        {
            "name": "head",
            "color": "FFEBEBEB",
            "size_mult": 2
        },
        {
            "name": "left",
            "color": "FFA33F37",
            "size_mult": 2
        },
        {
            "name": "right",
            "color": "FF23A157",
            "size_mult": 2
        }
    ],
    "frames": [
        {
            "items": [
                {
                    "category": "head",
                    "position": "0.6207665, 1.602376, -0.8224263"
                },
                {
                    "category": "head",
                    "position": "0.6207665, 1.602376, -0.8224263",
                    "axis_x": "0.4043815, 0.08195765, 0.9109108",
                    "axis_y": "-0.123639, 0.9917328, -0.03434229",
                    "axis_z": "-0.9061948, -0.09873672, 0.4111716",
                    "size": 0.25
                },
                {
                    "category": "left",
                    "position": "-0.1433616, 1.266221, -0.9908372"
                },
                {
                    "category": "left",
                    "position": "-0.1433616, 1.266221, -0.9908372",
                    "axis_x": "0.2125461, -0.8886564, -0.4063422",
                    "axis_y": "-0.0702911, -0.4286713, 0.900722",
                    "axis_z": "-0.9746196, -0.1628827, -0.153577",
                    "size": 0.25
                },
                {
                    "category": "right",
                    "position": "1.620134, 1.271634, -0.8311774"
                },
                {
                    "category": "right",
                    "position": "1.620134, 1.271634, -0.8311774",
                    "axis_x": "0.1310278, 0.9859368, 0.1037326",
                    "axis_y": "-0.001877367, -0.1043878, 0.994535",
                    "axis_z": "0.9913769, -0.1305065, -0.01182681",
                    "size": 0.25
                },
                {
                    "position": "0, 0, 0",
                    "axis_x": "1, 0, 0",
                    "axis_y": "0, 1, 0",
                    "axis_z": "0, 0, 1",
                    "size": 1
                }
            ],
            "text": []
        }
    ],
    "text": []
}