{
    "categories": [
        {
            "name": "head",
            "color": "FFEBEBEB",
            "size_mult": 2
        },
        {
            "name": "left",
            "color": "FFA33F37",
            "size_mult": 2
        },
        {
            "name": "right",
            "color": "FF23A157",
            "size_mult": 2
        }
    ],
    "frames": [
        {
            "items": [
                {
                    "category": "head",
                    "position": "0.7155392, 1.58949, -0.8565156"
                },
                {
                    "category": "head",
                    "position": "0.7155392, 1.58949, -0.8565156",
                    "axis_x": "0.9974885, -0.01183177, 0.06983302",
                    "axis_y": "0.002692283, 0.9915699, 0.1295448",
                    "axis_z": "-0.07077707, -0.1290315, 0.9891115",
                    "size": 0.25
                },
                {
                    "category": "left",
                    "position": "0.49743, 1.505839, -0.2207681"
                },
                {
                    "category": "left",
                    "position": "0.49743, 1.505839, -0.2207681",
                    "axis_x": "0.05738685, -0.9624809, 0.2652121",
                    "axis_y": "0.9873053, 0.09412175, 0.1279431",
                    "axis_z": "-0.148105, 0.254503, 0.9556637",
                    "size": 0.25
                },
                {
                    "category": "right",
                    "position": "1.607796, 1.267557, -0.8375104"
                },
                {
                    "category": "right",
                    "position": "1.607796, 1.267557, -0.8375104",
                    "axis_x": "-0.01188564, 0.9998347, 0.01377282",
                    "axis_y": "-0.1742092, -0.01563379, 0.9845847",
                    "axis_z": "0.9846371, 0.009302944, 0.174366",
                    "size": 0.25
                },
                {
                    "position": "0, 0, 0",
                    "axis_x": "1, 0, 0",
                    "axis_y": "0, 1, 0",
                    "axis_z": "0, 0, 1",
                    "size": 1
                }
            ],
            "text": []
        }
    ],
    "text": []
}