{
    "categories": [
        {
            "name": "head",
            "color": "FFEBEBEB",
            "size_mult": 2
        },
        {
            "name": "left",
            "color": "FFA33F37",
            "size_mult": 2
        },
        {
            "name": "right",
            "color": "FF23A157",
            "size_mult": 2
        }
    ],
    "frames": [
        {
            "items": [
                {
                    "category": "head",
                    "position": "0.7156833, 1.587435, -0.8604198"
                },
                {
                    "category": "head",
                    "position": "0.7156833, 1.587435, -0.8604198",
                    "axis_x": "0.997885, -0.01909494, 0.06213634",
                    "axis_y": "0.0102182, 0.9900765, 0.1401573",
                    "axis_z": "-0.06419603, -0.139226, 0.9881776",
                    "size": 0.25
                },
                {
                    "category": "left",
                    "position": "0.5157073, 1.533456, -0.2621812"
                },
                {
                    "category": "left",
                    "position": "0.5157073, 1.533456, -0.2621812",
                    "axis_x": "0.1457486, -0.9132748, 0.3803769",
                    "axis_y": "0.9882802, 0.1167663, -0.09832543",
                    "axis_z": "0.04538293, 0.3902498, 0.9195899",
                    "size": 0.25
                },
                {
                    "category": "right",
                    "position": "1.616534, 1.2556, -0.8561226"
                },
                {
                    "category": "right",
                    "position": "1.616534, 1.2556, -0.8561226",
                    "axis_x": "-0.05296539, 0.8149357, -0.5771262",
                    "axis_y": "0.2384448, 0.5715408, 0.7851658",
                    "axis_z": "0.9697108, -0.09602615, -0.224589",
                    "size": 0.25
                },
                {
                    "position": "0, 0, 0",
                    "axis_x": "1, 0, 0",
                    "axis_y": "0, 1, 0",
                    "axis_z": "0, 0, 1",
                    "size": 1
                }
            ],
            "text": []
        }
    ],
    "text": []
}