{
    "categories": [
        {
            "name": "head",
            "color": "FFEBEBEB",
            "size_mult": 2
        },
        {
            "name": "left",
            "color": "FFA33F37",
            "size_mult": 2
        },
        {
            "name": "right",
            "color": "FF23A157",
            "size_mult": 2
        }
    ],
    "frames": [
        {
            "items": [
                {
                    "category": "head",
                    "position": "0.7137712, 1.589762, -0.860301"
                },
                {
                    "category": "head",
                    "position": "0.7137712, 1.589762, -0.860301",
                    "axis_x": "0.9977914, -0.01538345, 0.06461934",
                    "axis_y": "0.007189564, 0.9921093, 0.1251696",
                    "axis_z": "-0.066035, -0.1244285, 0.9900287",
                    "size": 0.25
                },
                {
                    "category": "left",
                    "position": "0.4985365, 1.66537, -0.3725125"
                },
                {
                    "category": "left",
                    "position": "0.4985365, 1.66537, -0.3725125",
                    "axis_x": "0.2283341, 0.09399217, 0.9690352",
                    "axis_y": "0.9562817, 0.1651557, -0.2413485",
                    "axis_z": "-0.1827267, 0.9817786, -0.05217239",
                    "size": 0.25
                },
                {
                    "category": "right",
                    "position": "1.597587, 1.343376, -0.8588473"
                },
                {
                    "category": "right",
                    "position": "1.597587, 1.343376, -0.8588473",
                    "axis_x": "0.02892158, 0.1294474, -0.9911645",
                    "axis_y": "-0.1370952, 0.9827224, 0.1243445",
                    "axis_z": "0.9901356, 0.1322876, 0.04616849",
                    "size": 0.25
                },
                {
                    "position": "0, 0, 0",
                    "axis_x": "1, 0, 0",
                    "axis_y": "0, 1, 0",
                    "axis_z": "0, 0, 1",
                    "size": 1
                }
            ],
            "text": []
        }
    ],
    "text": []
}