{
    "categories": [
        {
            "name": "head",
            "color": "FFEBEBEB",
            "size_mult": 2
        },
        {
            "name": "left",
            "color": "FFA33F37",
            "size_mult": 2
        },
        {
            "name": "right",
            "color": "FF23A157",
            "size_mult": 2
        }
    ],
    "frames": [
        {
            "items": [
                {
                    "category": "head",
                    "position": "0.7163087, 1.589926, -0.866492"
                },
                {
                    "category": "head",
                    "position": "0.7163087, 1.589926, -0.866492",
                    "axis_x": "0.9977855, -0.01817398, 0.06398304",
                    "axis_y": "0.01031448, 0.992588, 0.121089",
                    "axis_z": "-0.06570947, -0.1201609, 0.9905774",
                    "size": 0.25
                },
                {
                    "category": "left",
                    "position": "0.3762838, 1.61547, -0.2866382"
                },
                {
                    "category": "left",
                    "position": "0.3762838, 1.61547, -0.2866382",
                    "axis_x": "0.5594627, -0.1600827, 0.8132496",
                    "axis_y": "0.3283739, 0.9436945, -0.04013989",
                    "axis_z": "-0.7610335, 0.2895068, 0.5805289",
                    "size": 0.25
                },
                {
                    "category": "right",
                    "position": "1.616715, 1.302407, -0.9436588"
                },
                {
                    "category": "right",
                    "position": "1.616715, 1.302407, -0.9436588",
                    "axis_x": "-0.2734058, -0.2595299, -0.9262254",
                    "axis_y": "0.06887656, 0.9551597, -0.2879685",
                    "axis_z": "0.9594297, -0.1425275, -0.2432707",
                    "size": 0.25
                },
                {
                    "position": "0, 0, 0",
                    "axis_x": "1, 0, 0",
                    "axis_y": "0, 1, 0",
                    "axis_z": "0, 0, 1",
                    "size": 1
                }
            ],
            "text": []
        }
    ],
    "text": []
}