{
    "categories": [
        {
            "name": "head",
            "color": "FFEBEBEB",
            "size_mult": 2
        },
        {
            "name": "left",
            "color": "FFA33F37",
            "size_mult": 2
        },
        {
            "name": "right",
            "color": "FF23A157",
            "size_mult": 2
        }
    ],
    "frames": [
        {
            "items": [
                {
                    "category": "head",
                    "position": "0.7183848, 1.587569, -0.8675308"
                },
                {
                    "category": "head",
                    "position": "0.7183848, 1.587569, -0.8675308",
                    "axis_x": "0.9981728, -0.02131628, 0.05653872",
                    "axis_y": "0.01324144, 0.9901298, 0.1395265",
                    "axis_z": "-0.05895485, -0.1385229, 0.9886029",
                    "size": 0.25
                },
                {
                    "category": "left",
                    "position": "0.5558454, 1.534508, -0.3054149"
                },
                {
                    "category": "left",
                    "position": "0.5558454, 1.534508, -0.3054149",
                    "axis_x": "0.3763075, -0.9232233, 0.07779036",
                    "axis_y": "0.8411817, 0.3052577, -0.4463532",
                    "axis_z": "0.3883376, 0.2334019, 0.8914693",
                    "size": 0.25
                },
                {
                    "category": "right",
                    "position": "1.507607, 1.264115, -0.7433562"
                },
                {
                    "category": "right",
                    "position": "1.507607, 1.264115, -0.7433562",
                    "axis_x": "0.2320293, 0.9590608, -0.1623726",
                    "axis_y": "-0.7726566, 0.2831286, 0.5681902",
                    "axis_z": "0.5909012, -0.006378531, 0.8067187",
                    "size": 0.25
                },
                {
                    "position": "0, 0, 0",
                    "axis_x": "1, 0, 0",
                    "axis_y": "0, 1, 0",
                    "axis_z": "0, 0, 1",
                    "size": 1
                }
            ],
            "text": []
        }
    ],
    "text": []
}