{
    "categories": [
        {
            "name": "head",
            "color": "FFEBEBEB",
            "size_mult": 2
        },
        {
            "name": "left",
            "color": "FFA33F37",
            "size_mult": 2
        },
        {
            "name": "right",
            "color": "FF23A157",
            "size_mult": 2
        }
    ],
    "frames": [
        {
            "items": [
                {
                    "category": "head",
                    "position": "0.7135445, 1.589086, -0.8630817"
                },
                {
                    "category": "head",
                    "position": "0.7135445, 1.589086, -0.8630817",
                    "axis_x": "0.9978831, -0.01479012, 0.06332902",
                    "axis_y": "0.006535693, 0.991673, 0.1286156",
                    "axis_z": "-0.06470392, -0.1279295, 0.9896704",
                    "size": 0.25
                },
                {
                    "category": "left",
                    "position": "0.5073636, 1.477502, -0.2593326"
                },
                {
                    "category": "left",
                    "position": "0.5073636, 1.477502, -0.2593326",
                    "axis_x": "0.0647911, -0.9804293, -0.1859046",
                    "axis_y": "0.9918624, 0.04281166, 0.1199005",
                    "axis_z": "-0.1095951, -0.1921602, 0.9752248",
                    "size": 0.25
                },
                {
                    "category": "right",
                    "position": "1.55465, 1.190981, -0.8244776"
                },
                {
                    "category": "right",
                    "position": "1.55465, 1.190981, -0.8244776",
                    "axis_x": "0.5116494, 0.773518, 0.374012",
                    "axis_y": "-0.2456547, -0.2854341, 0.9263807",
                    "axis_z": "0.8233278, -0.56586, 0.04397616",
                    "size": 0.25
                },
                {
                    "position": "0, 0, 0",
                    "axis_x": "1, 0, 0",
                    "axis_y": "0, 1, 0",
                    "axis_z": "0, 0, 1",
                    "size": 1
                }
            ],
            "text": []
        }
    ],
    "text": []
}