{
    "categories": [
        {
            "name": "head",
            "color": "FFEBEBEB",
            "size_mult": 2
        },
        {
            "name": "left",
            "color": "FFA33F37",
            "size_mult": 2
        },
        {
            "name": "right",
            "color": "FF23A157",
            "size_mult": 2
        }
    ],
    "frames": [
        {
            "items": [
                {
                    "category": "head",
                    "position": "0.716544, 1.588954, -0.8728228"
                },
                {
                    "category": "head",
                    "position": "0.716544, 1.588954, -0.8728228",
                    "axis_x": "0.9980171, -0.01703382, 0.06059384",
                    "axis_y": "0.009246565, 0.9919176, 0.1265461",
                    "axis_z": "-0.06225966, -0.1257349, 0.9901083",
                    "size": 0.25
                },
                {
                    "category": "left",
                    "position": "0.4949682, 1.585044, -0.2717157"
                },
                {
                    "category": "left",
                    "position": "0.4949682, 1.585044, -0.2717157",
                    "axis_x": "0.2807605, -0.7670973, 0.5768321",
                    "axis_y": "0.9412073, 0.3377093, -0.00901109",
                    "axis_z": "-0.1878892, 0.5454485, 0.8168131",
                    "size": 0.25
                },
                {
                    "category": "right",
                    "position": "1.553764, 1.237509, -0.7695267"
                },
                {
                    "category": "right",
                    "position": "1.553764, 1.237509, -0.7695267",
                    "axis_x": "0.2056397, 0.9784224, 0.02004665",
                    "axis_y": "-0.4821091, 0.08345836, 0.8721271",
                    "axis_z": "0.8516356, -0.1890086, 0.4888687",
                    "size": 0.25
                },
                {
                    "position": "0, 0, 0",
                    "axis_x": "1, 0, 0",
                    "axis_y": "0, 1, 0",
                    "axis_z": "0, 0, 1",
                    "size": 1
                }
            ],
            "text": []
        }
    ],
    "text": []
}