{
    "categories": [
        {
            "name": "head",
            "color": "FFEBEBEB",
            "size_mult": 2
        },
        {
            "name": "left",
            "color": "FFA33F37",
            "size_mult": 2
        },
        {
            "name": "right",
            "color": "FF23A157",
            "size_mult": 2
        }
    ],
    "frames": [
        {
            "items": [
                {
                    "category": "head",
                    "position": "0.717826, 1.588908, -0.8683231"
                },
                {
                    "category": "head",
                    "position": "0.717826, 1.588908, -0.8683231",
                    "axis_x": "0.9981568, -0.01880427, 0.05770141",
                    "axis_y": "0.01139949, 0.9919556, 0.1260719",
                    "axis_z": "-0.05960792, -0.1251817, 0.9903415",
                    "size": 0.25
                },
                {
                    "category": "left",
                    "position": "0.5023612, 1.40975, -0.2970806"
                },
                {
                    "category": "left",
                    "position": "0.5023612, 1.40975, -0.2970806",
                    "axis_x": "-0.05275557, -0.868571, -0.4927486",
                    "axis_y": "0.993538, -0.09530921, 0.06163011",
                    "axis_z": "-0.1004936, -0.4863131, 0.8679865",
                    "size": 0.25
                },
                {
                    "category": "right",
                    "position": "1.543153, 1.399821, -0.8113068"
                },
                {
                    "category": "right",
                    "position": "1.543153, 1.399821, -0.8113068",
                    "axis_x": "-0.6738724, 0.4877559, -0.5549685",
                    "axis_y": "-0.4550844, 0.3177264, 0.8318341",
                    "axis_z": "0.5820602, 0.8131077, 0.007863055",
                    "size": 0.25
                },
                {
                    "position": "0, 0, 0",
                    "axis_x": "1, 0, 0",
                    "axis_y": "0, 1, 0",
                    "axis_z": "0, 0, 1",
                    "size": 1
                }
            ],
            "text": []
        }
    ],
    "text": []
}