{
    "categories": [
        {
            "name": "head",
            "color": "FFEBEBEB",
            "size_mult": 2
        },
        {
            "name": "left",
            "color": "FFA33F37",
            "size_mult": 2
        },
        {
            "name": "right",
            "color": "FF23A157",
            "size_mult": 2
        }
    ],
    "frames": [
        {
            "items": [
                {
                    "category": "head",
                    "position": "0.7305819, 1.589529, -0.8599591"
                },
                {
                    "category": "head",
                    "position": "0.7305819, 1.589529, -0.8599591",
                    "axis_x": "0.9997352, -0.009644523, -0.02089317",
                    "axis_y": "0.01113645, 0.9973055, 0.07250989",
                    "axis_z": "0.02013755, -0.07272337, 0.9971488",
                    "size": 0.25
                },
                {
                    "category": "left",
                    "position": "0.5376778, 0.6314344, -0.8591776"
                },
                {
                    "category": "left",
                    "position": "0.5376778, 0.6314344, -0.8591776",
                    "axis_x": "0.9614007, -0.1736937, -0.213399",
                    "axis_y": "0.2597382, 0.3169621, 0.9121794",
                    "axis_z": "-0.09080043, -0.9323977, 0.3498425",
                    "size": 0.25
                },
                {
                    "category": "right",
                    "position": "0.9922423, 0.6510883, -0.8713124"
                },
                {
                    "category": "right",
                    "position": "0.9922423, 0.6510883, -0.8713124",
                    "axis_x": "0.9962736, 0.07612956, 0.04053532",
                    "axis_y": "-0.05326661, 0.173464, 0.9833986",
                    "axis_z": "0.0678343, -0.9818934, 0.1768727",
                    "size": 0.25
                },
                {
                    "position": "0, 0, 0",
                    "axis_x": "1, 0, 0",
                    "axis_y": "0, 1, 0",
                    "axis_z": "0, 0, 1",
                    "size": 1
                }
            ],
            "text": []
        },
        {
            "items": [
                {
                    "category": "head",
                    "position": "0.7306025, 1.589533, -0.8599992"
                },
                {
                    "category": "head",
                    "position": "0.7306025, 1.589533, -0.8599992",
                    "axis_x": "0.9997323, -0.009763578, -0.02097968",
                    "axis_y": "0.01126148, 0.9973042, 0.07250841",
                    "axis_z": "0.02021518, -0.07272525, 0.9971471",
                    "size": 0.25
                },
                {
                    "category": "left",
                    "position": "0.5376935, 0.6314261, -0.859173"
                },
                {
                    "category": "left",
                    "position": "0.5376935, 0.6314261, -0.859173",
                    "axis_x": "0.9614391, -0.1735835, -0.2133156",
                    "axis_y": "0.2596228, 0.3169935, 0.9122012",
                    "axis_z": "-0.09072343, -0.9324076, 0.3498362",
                    "size": 0.25
                },
                {
                    "category": "right",
                    "position": "0.9921398, 0.6512056, -0.8712443"
                },
                {
                    "category": "right",
                    "position": "0.9921398, 0.6512056, -0.8712443",
                    "axis_x": "0.996433, 0.07481137, 0.03904446",
                    "axis_y": "-0.05167902, 0.1752024, 0.9831752",
                    "axis_z": "0.066712, -0.981686, 0.1784436",
                    "size": 0.25
                },
                {
                    "position": "0, 0, 0",
                    "axis_x": "1, 0, 0",
                    "axis_y": "0, 1, 0",
                    "axis_z": "0, 0, 1",
                    "size": 1
                }
            ],
            "text": []
        },
        {
            "items": [
                {
                    "category": "head",
                    "position": "0.7306262, 1.589538, -0.8600502"
                },
                {
                    "category": "head",
                    "position": "0.7306262, 1.589538, -0.8600502",
                    "axis_x": "0.9997342, -0.009631602, -0.02094972",
                    "axis_y": "0.01112697, 0.9973081, 0.07247517",
                    "axis_z": "0.02019527, -0.072689, 0.9971502",
                    "size": 0.25
                },
                {
                    "category": "left",
                    "position": "0.5376246, 0.6315964, -0.858822"
                },
                {
                    "category": "left",
                    "position": "0.5376246, 0.6315964, -0.858822",
                    "axis_x": "0.9614428, -0.1736729, -0.2132263",
                    "axis_y": "0.2595696, 0.3169899, 0.9122177",
                    "axis_z": "-0.09083691, -0.9323922, 0.3498479",
                    "size": 0.25
                },
                {
                    "category": "right",
                    "position": "0.9921582, 0.6510813, -0.8713256"
                },
                {
                    "category": "right",
                    "position": "0.9921582, 0.6510813, -0.8713256",
                    "axis_x": "0.9960237, 0.07880211, 0.04155803",
                    "axis_y": "-0.05469388, 0.1726556, 0.9834627",
                    "axis_z": "0.07032369, -0.9818251, 0.176279",
                    "size": 0.25
                },
                {
                    "position": "0, 0, 0",
                    "axis_x": "1, 0, 0",
                    "axis_y": "0, 1, 0",
                    "axis_z": "0, 0, 1",
                    "size": 1
                }
            ],
            "text": []
        },
        {
            "items": [
                {
                    "category": "head",
                    "position": "0.730583, 1.589503, -0.8603108"
                },
                {
                    "category": "head",
                    "position": "0.730583, 1.589503, -0.8603108",
                    "axis_x": "0.999729, -0.009653099, -0.02118211",
                    "axis_y": "0.01116267, 0.9973171, 0.07234611",
                    "axis_z": "0.02042692, -0.07256296, 0.9971547",
                    "size": 0.25
                },
                {
                    "category": "left",
                    "position": "0.5376267, 0.6315909, -0.8587981"
                },
                {
                    "category": "left",
                    "position": "0.5376267, 0.6315909, -0.8587981",
                    "axis_x": "0.9614353, -0.1737411, -0.2132048",
                    "axis_y": "0.2595775, 0.3170313, 0.912201",
                    "axis_z": "-0.09089427, -0.9323654, 0.3499044",
                    "size": 0.25
                },
                {
                    "category": "right",
                    "position": "0.9922391, 0.650992, -0.8713905"
                },
                {
                    "category": "right",
                    "position": "0.9922391, 0.650992, -0.8713905",
                    "axis_x": "0.9959869, 0.07928866, 0.04151324",
                    "axis_y": "-0.05465221, 0.1714955, 0.9836679",
                    "axis_z": "0.07087437, -0.9819891, 0.1751406",
                    "size": 0.25
                },
                {
                    "position": "0, 0, 0",
                    "axis_x": "1, 0, 0",
                    "axis_y": "0, 1, 0",
                    "axis_z": "0, 0, 1",
                    "size": 1
                }
            ],
            "text": []
        },
        {
            "items": [
                {
                    "category": "head",
                    "position": "0.7306118, 1.589515, -0.8603618"
                },
                {
                    "category": "head",
                    "position": "0.7306118, 1.589515, -0.8603618",
                    "axis_x": "0.9997301, -0.009654324, -0.02113372",
                    "axis_y": "0.01115967, 0.9973196, 0.07231162",
                    "axis_z": "0.02037895, -0.07252795, 0.9971582",
                    "size": 0.25
                },
                {
                    "category": "left",
                    "position": "0.537616, 0.6315858, -0.8587832"
                },
                {
                    "category": "left",
                    "position": "0.537616, 0.6315858, -0.8587832",
                    "axis_x": "0.9614288, -0.1738752, -0.2131248",
                    "axis_y": "0.2595508, 0.3170451, 0.9122038",
                    "axis_z": "-0.09103947, -0.9323357, 0.3499457",
                    "size": 0.25
                },
                {
                    "category": "right",
                    "position": "0.9921151, 0.6508678, -0.8715072"
                },
                {
                    "category": "right",
                    "position": "0.9921151, 0.6508678, -0.8715072",
                    "axis_x": "0.9961998, 0.07693911, 0.04081994",
                    "axis_y": "-0.05349097, 0.1705951, 0.9838883",
                    "axis_z": "0.06873579, -0.9823328, 0.1740624",
                    "size": 0.25
                },
                {
                    "position": "0, 0, 0",
                    "axis_x": "1, 0, 0",
                    "axis_y": "0, 1, 0",
                    "axis_z": "0, 0, 1",
                    "size": 1
                }
            ],
            "text": []
        },
        {
            "items": [
                {
                    "category": "head",
                    "position": "0.7306359, 1.58952, -0.86042"
                },
                {
                    "category": "head",
                    "position": "0.7306359, 1.58952, -0.86042",
                    "axis_x": "0.9997286, -0.009713137, -0.02117502",
                    "axis_y": "0.01121567, 0.9973391, 0.07203441",
                    "axis_z": "0.020419, -0.07225236, 0.9971774",
                    "size": 0.25
                },
                {
                    "category": "left",
                    "position": "0.5376126, 0.6315904, -0.8588087"
                },
                {
                    "category": "left",
                    "position": "0.5376126, 0.6315904, -0.8588087",
                    "axis_x": "0.9613976, -0.1741147, -0.2130696",
                    "axis_y": "0.259591, 0.31712, 0.9121664",
                    "axis_z": "-0.09125295, -0.9322655, 0.350077",
                    "size": 0.25
                },
                {
                    "category": "right",
                    "position": "0.9919698, 0.6508822, -0.871483"
                },
                {
                    "category": "right",
                    "position": "0.9919698, 0.6508822, -0.871483",
                    "axis_x": "0.9962829, 0.07584767, 0.04083525",
                    "axis_y": "-0.05333763, 0.1709218, 0.9838399",
                    "axis_z": "0.06764233, -0.9823609, 0.174332",
                    "size": 0.25
                },
                {
                    "position": "0, 0, 0",
                    "axis_x": "1, 0, 0",
                    "axis_y": "0, 1, 0",
                    "axis_z": "0, 0, 1",
                    "size": 1
                }
            ],
            "text": []
        },
        {
            "items": [
                {
                    "category": "head",
                    "position": "0.7306248, 1.589477, -0.8608534"
                },
                {
                    "category": "head",
                    "position": "0.7306248, 1.589477, -0.8608534",
                    "axis_x": "0.9997266, -0.009636864, -0.0213044",
                    "axis_y": "0.01114417, 0.9973565, 0.07180367",
                    "axis_z": "0.02055612, -0.07202147, 0.9971913",
                    "size": 0.25
                },
                {
                    "category": "left",
                    "position": "0.5376002, 0.6315927, -0.8587769"
                },
                {
                    "category": "left",
                    "position": "0.5376002, 0.6315927, -0.8587769",
                    "axis_x": "0.961314, -0.1745881, -0.2130595",
                    "axis_y": "0.259753, 0.3171487, 0.9121103",
                    "axis_z": "-0.091672, -0.9321673, 0.3502292",
                    "size": 0.25
                },
                {
                    "category": "right",
                    "position": "0.9919063, 0.6508824, -0.8714708"
                },
                {
                    "category": "right",
                    "position": "0.9919063, 0.6508824, -0.8714708",
                    "axis_x": "0.9963203, 0.07539078, 0.04076911",
                    "axis_y": "-0.05319143, 0.1709098, 0.9838499",
                    "axis_z": "0.06720536, -0.9823982, 0.174291",
                    "size": 0.25
                },
                {
                    "position": "0, 0, 0",
                    "axis_x": "1, 0, 0",
                    "axis_y": "0, 1, 0",
                    "axis_z": "0, 0, 1",
                    "size": 1
                }
            ],
            "text": []
        },
        {
            "items": [
                {
                    "category": "head",
                    "position": "0.730657, 1.589487, -0.8609178"
                },
                {
                    "category": "head",
                    "position": "0.730657, 1.589487, -0.8609178",
                    "axis_x": "0.9997267, -0.009714569, -0.02126582",
                    "axis_y": "0.01121493, 0.9973696, 0.07161018",
                    "axis_z": "0.02051422, -0.0718291, 0.997206",
                    "size": 0.25
                },
                {
                    "category": "left",
                    "position": "0.5375944, 0.6315875, -0.8587584"
                },
                {
                    "category": "left",
                    "position": "0.5375944, 0.6315875, -0.8587584",
                    "axis_x": "0.9613222, -0.1746418, -0.2129785",
                    "axis_y": "0.2596956, 0.3171513, 0.9121258",
                    "axis_z": "-0.09174886, -0.9321564, 0.3502383",
                    "size": 0.25
                },
                {
                    "category": "right",
                    "position": "0.9918375, 0.6508462, -0.8714744"
                },
                {
                    "category": "right",
                    "position": "0.9918375, 0.6508462, -0.8714744",
                    "axis_x": "0.9963393, 0.07503723, 0.04095662",
                    "axis_y": "-0.0532993, 0.1706839, 0.9838833",
                    "axis_z": "0.06683722, -0.9824646, 0.1740585",
                    "size": 0.25
                },
                {
                    "position": "0, 0, 0",
                    "axis_x": "1, 0, 0",
                    "axis_y": "0, 1, 0",
                    "axis_z": "0, 0, 1",
                    "size": 1
                }
            ],
            "text": []
        },
        {
            "items": [
                {
                    "category": "head",
                    "position": "0.7306845, 1.589503, -0.8609846"
                },
                {
                    "category": "head",
                    "position": "0.7306845, 1.589503, -0.8609846",
                    "axis_x": "0.9997261, -0.009726365, -0.02128713",
                    "axis_y": "0.0112258, 0.997378, 0.07149205",
                    "axis_z": "0.02053596, -0.07171144, 0.997214",
                    "size": 0.25
                },
                {
                    "category": "left",
                    "position": "0.5376188, 0.6316032, -0.8587288"
                },
                {
                    "category": "left",
                    "position": "0.5376188, 0.6316032, -0.8587288",
                    "axis_x": "0.961339, -0.174531, -0.2129936",
                    "axis_y": "0.2596797, 0.3172469, 0.912097",
                    "axis_z": "-0.09161767, -0.9321445, 0.350304",
                    "size": 0.25
                },
                {
                    "category": "right",
                    "position": "0.9917993, 0.6508049, -0.8714889"
                },
                {
                    "category": "right",
                    "position": "0.9917993, 0.6508049, -0.8714889",
                    "axis_x": "0.9963443, 0.07492039, 0.04104861",
                    "axis_y": "-0.05335483, 0.1704651, 0.9839181",
                    "axis_z": "0.06671818, -0.9825113, 0.1738392",
                    "size": 0.25
                },
                {
                    "position": "0, 0, 0",
                    "axis_x": "1, 0, 0",
                    "axis_y": "0, 1, 0",
                    "axis_z": "0, 0, 1",
                    "size": 1
                }
            ],
            "text": []
        },
        {
            "items": [
                {
                    "category": "head",
                    "position": "0.7307854, 1.589347, -0.8614779"
                },
                {
                    "category": "head",
                    "position": "0.7307854, 1.589347, -0.8614779",
                    "axis_x": "0.9997305, -0.00974349, -0.02107046",
                    "axis_y": "0.01121926, 0.9974064, 0.0710958",
                    "axis_z": "0.02032309, -0.07131303, 0.9972469",
                    "size": 0.25
                },
                {
                    "category": "left",
                    "position": "0.5376351, 0.631599, -0.8587132"
                },
                {
                    "category": "left",
                    "position": "0.5376351, 0.631599, -0.8587132",
                    "axis_x": "0.9613207, -0.1745503, -0.2130604",
                    "axis_y": "0.2597519, 0.3172661, 0.9120697",
                    "axis_z": "-0.09160522, -0.9321343, 0.3503342",
                    "size": 0.25
                },
                {
                    "category": "right",
                    "position": "0.9917725, 0.6508013, -0.8714681"
                },
                {
                    "category": "right",
                    "position": "0.9917725, 0.6508013, -0.8714681",
                    "axis_x": "0.9963358, 0.07500236, 0.04110436",
                    "axis_y": "-0.05343749, 0.1706604, 0.9838799",
                    "axis_z": "0.06677842, -0.9824713, 0.174043",
                    "size": 0.25
                },
                {
                    "position": "0, 0, 0",
                    "axis_x": "1, 0, 0",
                    "axis_y": "0, 1, 0",
                    "axis_z": "0, 0, 1",
                    "size": 1
                }
            ],
            "text": []
        },
        {
            "items": [
                {
                    "category": "head",
                    "position": "0.730811, 1.589368, -0.8615544"
                },
                {
                    "category": "head",
                    "position": "0.730811, 1.589368, -0.8615544",
                    "axis_x": "0.9997277, -0.009724018, -0.02121168",
                    "axis_y": "0.01120691, 0.997417, 0.07094937",
                    "axis_z": "0.02046697, -0.07116777, 0.9972544",
                    "size": 0.25
                },
                {
                    "category": "left",
                    "position": "0.537649, 0.6315898, -0.8587075"
                },
                {
                    "category": "left",
                    "position": "0.537649, 0.6315898, -0.8587075",
                    "axis_x": "0.9613418, -0.1744223, -0.21307",
                    "axis_y": "0.259713, 0.3172416, 0.9120893",
                    "axis_z": "-0.09149403, -0.9321666, 0.3502773",
                    "size": 0.25
                },
                {
                    "category": "right",
                    "position": "0.9917991, 0.6508255, -0.8714371"
                },
                {
                    "category": "right",
                    "position": "0.9917991, 0.6508255, -0.8714371",
                    "axis_x": "0.9963301, 0.07512171, 0.04102477",
                    "axis_y": "-0.05338452, 0.17073, 0.9838707",
                    "axis_z": "0.06690587, -0.9824501, 0.1741138",
                    "size": 0.25
                },
                {
                    "position": "0, 0, 0",
                    "axis_x": "1, 0, 0",
                    "axis_y": "0, 1, 0",
                    "axis_z": "0, 0, 1",
                    "size": 1
                }
            ],
            "text": []
        },
        {
            "items": [
                {
                    "category": "head",
                    "position": "0.7308459, 1.589384, -0.8616304"
                },
                {
                    "category": "head",
                    "position": "0.7308459, 1.589384, -0.8616304",
                    "axis_x": "0.9997271, -0.00970371, -0.02125131",
                    "axis_y": "0.01118446, 0.9974345, 0.07070598",
                    "axis_z": "0.02051068, -0.07092437, 0.9972708",
                    "size": 0.25
                },
                {
                    "category": "left",
                    "position": "0.5376692, 0.6315936, -0.8586907"
                },
                {
                    "category": "left",
                    "position": "0.5376692, 0.6315936, -0.8586907",
                    "axis_x": "0.9613237, -0.174409, -0.2131625",
                    "axis_y": "0.2598002, 0.3172843, 0.9120497",
                    "axis_z": "-0.09143658, -0.9321545, 0.3503245",
                    "size": 0.25
                },
                {
                    "category": "right",
                    "position": "0.9917791, 0.650795, -0.8714508"
                },
                {
                    "category": "right",
                    "position": "0.9917791, 0.650795, -0.8714508",
                    "axis_x": "0.9963434, 0.07494346, 0.04102663",
                    "axis_y": "-0.05334115, 0.1705237, 0.9839087",
                    "axis_z": "0.0667415, -0.9824994, 0.1738978",
                    "size": 0.25
                },
                {
                    "position": "0, 0, 0",
                    "axis_x": "1, 0, 0",
                    "axis_y": "0, 1, 0",
                    "axis_z": "0, 0, 1",
                    "size": 1
                }
            ],
            "text": []
        },
        {
            "items": [
                {
                    "category": "head",
                    "position": "0.7309042, 1.589442, -0.8613551"
                },
                {
                    "category": "head",
                    "position": "0.7309042, 1.589442, -0.8613551",
                    "axis_x": "0.999725, -0.009598869, -0.02139613",
                    "axis_y": "0.01108576, 0.9974506, 0.07049455",
                    "axis_z": "0.02066492, -0.07071237, 0.9972827",
                    "size": 0.25
                },
                {
                    "category": "left",
                    "position": "0.5376745, 0.6315944, -0.8586809"
                },
                {
                    "category": "left",
                    "position": "0.5376745, 0.6315944, -0.8586809",
                    "axis_x": "0.9613323, -0.1743533, -0.2131691",
                    "axis_y": "0.25979, 0.3173197, 0.9120402",
                    "axis_z": "-0.09137446, -0.932153, 0.350345",
                    "size": 0.25
                },
                {
                    "category": "right",
                    "position": "0.9917288, 0.6507725, -0.8714519"
                },
                {
                    "category": "right",
                    "position": "0.9917288, 0.6507725, -0.8714519",
                    "axis_x": "0.9963684, 0.07457997, 0.04108331",
                    "axis_y": "-0.05332734, 0.1704312, 0.9839256",
                    "axis_z": "0.06637925, -0.9825433, 0.1737894",
                    "size": 0.25
                },
                {
                    "position": "0, 0, 0",
                    "axis_x": "1, 0, 0",
                    "axis_y": "0, 1, 0",
                    "axis_z": "0, 0, 1",
                    "size": 1
                }
            ],
            "text": []
        },
        {
            "items": [
                {
                    "category": "head",
                    "position": "0.7309567, 1.589459, -0.8614185"
                },
                {
                    "category": "head",
                    "position": "0.7309567, 1.589459, -0.8614185",
                    "axis_x": "0.9997251, -0.009630068, -0.02137599",
                    "axis_y": "0.01110792, 0.997476, 0.07013051",
                    "axis_z": "0.02064668, -0.07034868, 0.9973088",
                    "size": 0.25
                },
                {
                    "category": "left",
                    "position": "0.537693, 0.6315022, -0.8591158"
                },
                {
                    "category": "left",
                    "position": "0.537693, 0.6315022, -0.8591158",
                    "axis_x": "0.9613057, -0.174473, -0.213191",
                    "axis_y": "0.2598623, 0.3174092, 0.9119885",
                    "axis_z": "-0.09144856, -0.9321001, 0.3504663",
                    "size": 0.25
                },
                {
                    "category": "right",
                    "position": "0.9916866, 0.6507264, -0.8714605"
                },
                {
                    "category": "right",
                    "position": "0.9916866, 0.6507264, -0.8714605",
                    "axis_x": "0.9963999, 0.07413796, 0.04112026",
                    "axis_y": "-0.05327204, 0.1702139, 0.9839661",
                    "axis_z": "0.06595, -0.9826143, 0.1735505",
                    "size": 0.25
                },
                {
                    "position": "0, 0, 0",
                    "axis_x": "1, 0, 0",
                    "axis_y": "0, 1, 0",
                    "axis_z": "0, 0, 1",
                    "size": 1
                }
            ],
            "text": []
        },
        {
            "items": [
                {
                    "category": "head",
                    "position": "0.7310019, 1.589489, -0.8614841"
                },
                {
                    "category": "head",
                    "position": "0.7310019, 1.589489, -0.8614841",
                    "axis_x": "0.9997253, -0.009609066, -0.02137669",
                    "axis_y": "0.0110806, 0.997498, 0.06982067",
                    "axis_z": "0.02065229, -0.07003836, 0.9973305",
                    "size": 0.25
                },
                {
                    "category": "left",
                    "position": "0.5376928, 0.6315002, -0.8591245"
                },
                {
                    "category": "left",
                    "position": "0.5376928, 0.6315002, -0.8591245",
                    "axis_x": "0.961273, -0.1745448, -0.2132802",
                    "axis_y": "0.2599701, 0.317385, 0.9119662",
                    "axis_z": "-0.09148699, -0.9320949, 0.35047",
                    "size": 0.25
                },
                {
                    "category": "right",
                    "position": "0.9916472, 0.6506878, -0.8714702"
                },
                {
                    "category": "right",
                    "position": "0.9916472, 0.6506878, -0.8714702",
                    "axis_x": "0.9964237, 0.07381093, 0.04112989",
                    "axis_y": "-0.05321259, 0.1700353, 0.9840003",
                    "axis_z": "0.06563644, -0.9826699, 0.1733548",
                    "size": 0.25
                },
                {
                    "position": "0, 0, 0",
                    "axis_x": "1, 0, 0",
                    "axis_y": "0, 1, 0",
                    "axis_z": "0, 0, 1",
                    "size": 1
                }
            ],
            "text": []
        },
        {
            "items": [
                {
                    "category": "head",
                    "position": "0.731064, 1.58953, -0.8614531"
                },
                {
                    "category": "head",
                    "position": "0.731064, 1.58953, -0.8614531",
                    "axis_x": "0.9997246, -0.009672204, -0.02138276",
                    "axis_y": "0.01113447, 0.9975296, 0.06935912",
                    "axis_z": "0.02065908, -0.06957811, 0.9973626",
                    "size": 0.25
                },
                {
                    "category": "left",
                    "position": "0.537681, 0.6314935, -0.859149"
                },
                {
                    "category": "left",
                    "position": "0.537681, 0.6314935, -0.859149",
                    "axis_x": "0.9612094, -0.1747569, -0.2133929",
                    "axis_y": "0.2601387, 0.3172423, 0.9119678",
                    "axis_z": "-0.09167536, -0.9321038, 0.3503973",
                    "size": 0.25
                },
                {
                    "category": "right",
                    "position": "0.9916459, 0.6506388, -0.8714876"
                },
                {
                    "category": "right",
                    "position": "0.9916459, 0.6506388, -0.8714876",
                    "axis_x": "0.9964257, 0.07376862, 0.04115834",
                    "axis_y": "-0.0532213, 0.1698553, 0.9840309",
                    "axis_z": "0.06559962, -0.9827042, 0.1731742",
                    "size": 0.25
                },
                {
                    "position": "0, 0, 0",
                    "axis_x": "1, 0, 0",
                    "axis_y": "0, 1, 0",
                    "axis_z": "0, 0, 1",
                    "size": 1
                }
            ],
            "text": []
        },
        {
            "items": [
                {
                    "category": "head",
                    "position": "0.7311113, 1.589551, -0.861517"
                },
                {
                    "category": "head",
                    "position": "0.7311113, 1.589551, -0.861517",
                    "axis_x": "0.9997208, -0.009871607, -0.02147038",
                    "axis_y": "0.01132924, 0.9975618, 0.06886399",
                    "axis_z": "0.02073823, -0.069088, 0.997395",
                    "size": 0.25
                },
                {
                    "category": "left",
                    "position": "0.5377274, 0.6315393, -0.8589771"
                },
                {
                    "category": "left",
                    "position": "0.5377274, 0.6315393, -0.8589771",
                    "axis_x": "0.9611204, -0.1750746, -0.2135334",
                    "axis_y": "0.2603587, 0.3169726, 0.9119987",
                    "axis_z": "-0.09198356, -0.9321358, 0.3502311",
                    "size": 0.25
                },
                {
                    "category": "right",
                    "position": "0.9917597, 0.6506251, -0.8714715"
                },
                {
                    "category": "right",
                    "position": "0.9917597, 0.6506251, -0.8714715",
                    "axis_x": "0.9964216, 0.07381131, 0.0411798",
                    "axis_y": "-0.05324352, 0.1697593, 0.9840463",
                    "axis_z": "0.06564307, -0.9827176, 0.1730818",
                    "size": 0.25
                },
                {
                    "position": "0, 0, 0",
                    "axis_x": "1, 0, 0",
                    "axis_y": "0, 1, 0",
                    "axis_z": "0, 0, 1",
                    "size": 1
                }
            ],
            "text": []
        },
        {
            "items": [
                {
                    "category": "head",
                    "position": "0.7311479, 1.589582, -0.8615732"
                },
                {
                    "category": "head",
                    "position": "0.7311479, 1.589582, -0.8615732",
                    "axis_x": "0.9997177, -0.009833399, -0.02163277",
                    "axis_y": "0.01129494, 0.9975864, 0.06851102",
                    "axis_z": "0.02090686, -0.06873601, 0.9974158",
                    "size": 0.25
                },
                {
                    "category": "left",
                    "position": "0.5377359, 0.6315361, -0.858993"
                },
                {
                    "category": "left",
                    "position": "0.5377359, 0.6315361, -0.858993",
                    "axis_x": "0.961046, -0.1752807, -0.2136988",
                    "axis_y": "0.2605829, 0.3169098, 0.9119565",
                    "axis_z": "-0.09212512, -0.9321185, 0.3502401",
                    "size": 0.25
                },
                {
                    "category": "right",
                    "position": "0.9917977, 0.6505687, -0.8715101"
                },
                {
                    "category": "right",
                    "position": "0.9917977, 0.6505687, -0.8715101",
                    "axis_x": "0.9963866, 0.07420688, 0.041315",
                    "axis_y": "-0.05342584, 0.1694616, 0.9840876",
                    "axis_z": "0.06602477, -0.9827391, 0.1728138",
                    "size": 0.25
                },
                {
                    "position": "0, 0, 0",
                    "axis_x": "1, 0, 0",
                    "axis_y": "0, 1, 0",
                    "axis_z": "0, 0, 1",
                    "size": 1
                }
            ],
            "text": []
        },
        {
            "items": [
                {
                    "category": "head",
                    "position": "0.7313021, 1.58944, -0.862009"
                },
                {
                    "category": "head",
                    "position": "0.7313021, 1.58944, -0.862009",
                    "axis_x": "0.9997107, -0.01017274, -0.0217926",
                    "axis_y": "0.0116328, 0.9976206, 0.06795421",
                    "axis_z": "0.02104947, -0.06818807, 0.9974504",
                    "size": 0.25
                },
                {
                    "category": "left",
                    "position": "0.5377381, 0.6315356, -0.859003"
                },
                {
                    "category": "left",
                    "position": "0.5377381, 0.6315356, -0.859003",
                    "axis_x": "0.9609963, -0.1754523, -0.2137816",
                    "axis_y": "0.2607191, 0.3168739, 0.9119301",
                    "axis_z": "-0.0922584, -0.9320984, 0.3502584",
                    "size": 0.25
                },
                {
                    "category": "right",
                    "position": "0.9918458, 0.6504613, -0.8717546"
                },
                {
                    "category": "right",
                    "position": "0.9918458, 0.6504613, -0.8717546",
                    "axis_x": "0.9963261, 0.07483329, 0.04164548",
                    "axis_y": "-0.05383256, 0.1690409, 0.9841379",
                    "axis_z": "0.06660648, -0.9827641, 0.1724484",
                    "size": 0.25
                },
                {
                    "position": "0, 0, 0",
                    "axis_x": "1, 0, 0",
                    "axis_y": "0, 1, 0",
                    "axis_z": "0, 0, 1",
                    "size": 1
                }
            ],
            "text": []
        },
        {
            "items": [
                {
                    "category": "head",
                    "position": "0.7313638, 1.589461, -0.8620884"
                },
                {
                    "category": "head",
                    "position": "0.7313638, 1.589461, -0.8620884",
                    "axis_x": "0.9997081, -0.01034433, -0.02183498",
                    "axis_y": "0.01179847, 0.9976459, 0.06755434",
                    "axis_z": "0.02108477, -0.06779224, 0.9974766",
                    "size": 0.25
                },
                {
                    "category": "left",
                    "position": "0.537688, 0.631292, -0.8595438"
                },
                {
                    "category": "left",
                    "position": "0.537688, 0.631292, -0.8595438",
                    "axis_x": "0.9609872, -0.1754159, -0.2138524",
                    "axis_y": "0.2607758, 0.3168988, 0.9119052",
                    "axis_z": "-0.09219307, -0.9320968, 0.3502799",
                    "size": 0.25
                },
                {
                    "category": "right",
                    "position": "0.9918629, 0.6504132, -0.8718004"
                },
                {
                    "category": "right",
                    "position": "0.9918629, 0.6504132, -0.8718004",
                    "axis_x": "0.9962929, 0.07516114, 0.04184829",
                    "axis_y": "-0.05406867, 0.1687317, 0.9841779",
                    "axis_z": "0.0669108, -0.9827921, 0.1721701",
                    "size": 0.25
                },
                {
                    "position": "0, 0, 0",
                    "axis_x": "1, 0, 0",
                    "axis_y": "0, 1, 0",
                    "axis_z": "0, 0, 1",
                    "size": 1
                }
            ],
            "text": []
        },
        {
            "items": [
                {
                    "category": "head",
                    "position": "0.7314125, 1.589479, -0.8621743"
                },
                {
                    "category": "head",
                    "position": "0.7314125, 1.589479, -0.8621743",
                    "axis_x": "0.9997041, -0.01039835, -0.02199109",
                    "axis_y": "0.0118523, 0.997679, 0.06705339",
                    "axis_z": "0.02124281, -0.0672942, 0.997507",
                    "size": 0.25
                },
                {
                    "category": "left",
                    "position": "0.5376918, 0.6312725, -0.8595717"
                },
                {
                    "category": "left",
                    "position": "0.5376918, 0.6312725, -0.8595717",
                    "axis_x": "0.9609522, -0.1755522, -0.2138979",
                    "axis_y": "0.2608531, 0.3167521, 0.9119341",
                    "axis_z": "-0.09233944, -0.932121, 0.350177",
                    "size": 0.25
                },
                {
                    "category": "right",
                    "position": "0.9918692, 0.6503503, -0.8718725"
                },
                {
                    "category": "right",
                    "position": "0.9918692, 0.6503503, -0.8718725",
                    "axis_x": "0.9962689, 0.0753355, 0.04210498",
                    "axis_y": "-0.05432444, 0.1683217, 0.9842341",
                    "axis_z": "0.06706058, -0.9828491, 0.1717862",
                    "size": 0.25
                },
                {
                    "position": "0, 0, 0",
                    "axis_x": "1, 0, 0",
                    "axis_y": "0, 1, 0",
                    "axis_z": "0, 0, 1",
                    "size": 1
                }
            ],
            "text": []
        },
        {
            "items": [
                {
                    "category": "head",
                    "position": "0.7313584, 1.5896, -0.8618674"
