{
    "categories": [
        {
            "name": "head",
            "color": "FFEBEBEB",
            "size_mult": 2
        },
        {
            "name": "left",
            "color": "FFA33F37",
            "size_mult": 2
        },
        {
            "name": "right",
            "color": "FF23A157",
            "size_mult": 2
        }
    ],
    "frames": [
        {
            "items": [
                {
                    "category": "head",
                    "position": "0.7219557, 1.593849, -0.8325131"
                },
                {
                    "category": "head",
                    "position": "0.7219557, 1.593849, -0.8325131",
                    "axis_x": "0.9987549, -0.03403552, 0.03647206",
                    "axis_y": "0.02980642, 0.9933947, 0.1108082",
                    "axis_z": "-0.04000257, -0.1095831, 0.9931723",
                    "size": 0.25
                },
                {
                    "category": "left",
                    "position": "-0.1518914, 1.327441, -0.89004"
                },
                {
                    "category": "left",
                    "position": "-0.1518914, 1.327441, -0.89004",
                    "axis_x": "0.07654166, -0.9660442, -0.2467789",
                    "axis_y": "-0.04627594, -0.2506801, 0.9669633",
                    "axis_z": "-0.9959919, -0.06259301, -0.06389207",
                    "size": 0.25
                },
                {
                    "category": "right",
                    "position": "1.611279, 1.258443, -0.8400266"
                },
                {
                    "category": "right",
                    "position": "1.611279, 1.258443, -0.8400266",
                    "axis_x": "0.3112026, 0.8869362, -0.3413169",
                    "axis_y": "0.1705601, 0.3011937, 0.9381853",
                    "axis_z": "0.934913, -0.3501809, -0.05754369",
                    "size": 0.25
                },
                {
                    "position": "0, 0, 0",
                    "axis_x": "1, 0, 0",
                    "axis_y": "0, 1, 0",
                    "axis_z": "0, 0, 1",
                    "size": 1
                }
            ],
            "text": []
        }
    ],
    "text": []
}