{
    "categories": [
        {
            "name": "head",
            "color": "FFEBEBEB",
            "size_mult": 2
        },
        {
            "name": "left",
            "color": "FFA33F37",
            "size_mult": 2
        },
        {
            "name": "right",
            "color": "FF23A157",
            "size_mult": 2
        }
    ],
    "frames": [
        {
            "items": [
                {
                    "category": "head",
                    "position": "0.7082461, 1.597531, -0.83956"
                },
                {
                    "category": "head",
                    "position": "0.7082461, 1.597531, -0.83956",
                    "axis_x": "0.9974895, -0.0002887785, 0.070815",
                    "axis_y": "-0.007083333, 0.9945698, 0.1038305",
                    "axis_z": "-0.07046045, -0.1040715, 0.9920708",
                    "size": 0.25
                },
                {
                    "category": "left",
                    "position": "-0.1505042, 1.329661, -0.985837"
                },
                {
                    "category": "left",
                    "position": "-0.1505042, 1.329661, -0.985837",
                    "axis_x": "0.07246765, -0.9936843, -0.08567438",
                    "axis_y": "0.1077528, -0.07759732, 0.991145",
                    "axis_z": "-0.9915332, -0.08105773, 0.1014488",
                    "size": 0.25
                },
                {
                    "category": "right",
                    "position": "1.584806, 1.340898, -0.7646879"
                },
                {
                    "category": "right",
                    "position": "1.584806, 1.340898, -0.7646879",
                    "axis_x": "0.1029679, 0.9924502, 0.06663433",
                    "axis_y": "-0.2906659, -0.03404477, 0.9562187",
                    "axis_z": "0.9512681, -0.1178282, 0.2849659",
                    "size": 0.25
                },
                {
                    "position": "0, 0, 0",
                    "axis_x": "1, 0, 0",
                    "axis_y": "0, 1, 0",
                    "axis_z": "0, 0, 1",
                    "size": 1
                }
            ],
            "text": []
        }
    ],
    "text": []
}