{
    "categories": [
        {
            "name": "head",
            "color": "FFEBEBEB",
            "size_mult": 2
        },
        {
            "name": "left",
            "color": "FFA33F37",
            "size_mult": 2
        },
        {
            "name": "right",
            "color": "FF23A157",
            "size_mult": 2
        }
    ],
    "frames": [
        {
            "items": [
                {
                    "category": "head",
                    "position": "0.7222306, 1.594446, -0.8273079"
                },
                {
                    "category": "head",
                    "position": "0.7222306, 1.594446, -0.8273079",
                    "axis_x": "0.9991186, -0.02730705, 0.03187943",
                    "axis_y": "0.02372409, 0.9938883, 0.1078116",
                    "axis_z": "-0.0346286, -0.1069603, 0.9936601",
                    "size": 0.25
                },
                {
                    "category": "left",
                    "position": "-0.1436639, 1.344104, -0.898997"
                },
                {
                    "category": "left",
                    "position": "-0.1436639, 1.344104, -0.898997",
                    "axis_x": "0.05830136, -0.9270565, -0.3703612",
                    "axis_y": "0.09913188, -0.3637825, 0.9261941",
                    "axis_z": "-0.993365, -0.09071308, 0.07069167",
                    "size": 0.25
                },
                {
                    "category": "right",
                    "position": "1.615672, 1.319051, -0.8279403"
                },
                {
                    "category": "right",
                    "position": "1.615672, 1.319051, -0.8279403",
                    "axis_x": "-0.006022394, 0.970425, 0.2413278",
                    "axis_y": "-0.1267921, -0.2401254, 0.9624259",
                    "axis_z": "0.9919111, -0.02480236, 0.1244883",
                    "size": 0.25
                },
                {
                    "position": "0, 0, 0",
                    "axis_x": "1, 0, 0",
                    "axis_y": "0, 1, 0",
                    "axis_z": "0, 0, 1",
                    "size": 1
                }
            ],
            "text": []
        }
    ],
    "text": []
}