{
    "categories": [
        {
            "name": "head",
            "color": "FFEBEBEB",
            "size_mult": 2
        },
        {
            "name": "left",
            "color": "FFA33F37",
            "size_mult": 2
        },
        {
            "name": "right",
            "color": "FF23A157",
            "size_mult": 2
        }
    ],
    "frames": [
        {
            "items": [
                {
                    "category": "head",
                    "position": "0.7058759, 1.597043, -0.8369231"
                },
                {
                    "category": "head",
                    "position": "0.7058759, 1.597043, -0.8369231",
                    "axis_x": "0.9977074, -0.0008841192, 0.06766973",
                    "axis_y": "-0.005822803, 0.9950852, 0.0988511",
                    "axis_z": "-0.06742454, -0.0990185, 0.9927987",
                    "size": 0.25
                },
                {
                    "category": "left",
                    "position": "-0.1588616, 1.34052, -0.9397575"
                },
                {
                    "category": "left",
                    "position": "-0.1588616, 1.34052, -0.9397575",
                    "axis_x": "0.02627671, -0.8612787, 0.507453",
                    "axis_y": "-0.07664001, 0.5043985, 0.8600631",
                    "axis_z": "-0.9967126, -0.06149083, -0.05275449",
                    "size": 0.25
                },
                {
                    "category": "right",
                    "position": "1.58806, 1.324133, -0.7659509"
                },
                {
                    "category": "right",
                    "position": "1.58806, 1.324133, -0.7659509",
                    "axis_x": "0.006657869, 0.9525666, 0.3042576",
                    "axis_y": "-0.2461444, -0.2933415, 0.9237769",
                    "axis_z": "0.9692103, -0.08104166, 0.2325158",
                    "size": 0.25
                },
                {
                    "position": "0, 0, 0",
                    "axis_x": "1, 0, 0",
                    "axis_y": "0, 1, 0",
                    "axis_z": "0, 0, 1",
                    "size": 1
                }
            ],
            "text": []
        }
    ],
    "text": []
}