{
    "categories": [
        {
            "name": "head",
            "color": "FFEBEBEB",
            "size_mult": 2
        },
        {
            "name": "left",
            "color": "FFA33F37",
            "size_mult": 2
        },
        {
            "name": "right",
            "color": "FF23A157",
            "size_mult": 2
        }
    ],
    "frames": [
        {
            "items": [
                {
                    "category": "head",
                    "position": "0.7073102, 1.59693, -0.8270671"
                },
                {
                    "category": "head",
                    "position": "0.7073102, 1.59693, -0.8270671",
                    "axis_x": "0.9975861, -0.001112754, 0.06943107",
                    "axis_y": "-0.006179052, 0.9944826, 0.104719",
                    "axis_z": "-0.06916452, -0.1048952, 0.9920752",
                    "size": 0.25
                },
                {
                    "category": "left",
                    "position": "-0.150264, 1.319477, -0.9573075"
                },
                {
                    "category": "left",
                    "position": "-0.150264, 1.319477, -0.9573075",
                    "axis_x": "0.07699203, -0.9953336, 0.05816567",
                    "axis_y": "0.03797585, 0.06122404, 0.9974014",
                    "axis_z": "-0.9963082, -0.07458305, 0.04251242",
                    "size": 0.25
                },
                {
                    "category": "right",
                    "position": "1.584203, 1.368019, -0.7418211"
                },
                {
                    "category": "right",
                    "position": "1.584203, 1.368019, -0.7418211",
                    "axis_x": "0.09104618, 0.9596233, -0.2661461",
                    "axis_y": "-0.2756736, 0.2810989, 0.919232",
                    "axis_z": "0.9569298, -0.01032314, 0.2901357",
                    "size": 0.25
                },
                {
                    "position": "0, 0, 0",
                    "axis_x": "1, 0, 0",
                    "axis_y": "0, 1, 0",
                    "axis_z": "0, 0, 1",
                    "size": 1
                }
            ],
            "text": []
        }
    ],
    "text": []
}