{
    "categories": [
        {
            "name": "head",
            "color": "FFEBEBEB",
            "size_mult": 2
        },
        {
            "name": "left",
            "color": "FFA33F37",
            "size_mult": 2
        },
        {
            "name": "right",
            "color": "FF23A157",
            "size_mult": 2
        }
    ],
    "frames": [
        {
            "items": [
                {
                    "category": "head",
                    "position": "0.7103761, 1.597499, -0.8430755"
                },
                {
                    "category": "head",
                    "position": "0.7103761, 1.597499, -0.8430755",
                    "axis_x": "0.9975234, -0.007215503, 0.06996447",
                    "axis_y": "8.82193E-05, 0.9948516, 0.1013422",
                    "axis_z": "-0.07033549, -0.1010851, 0.9923884",
                    "size": 0.25
                },
                {
                    "category": "left",
                    "position": "-0.1578579, 1.394235, -0.9800575"
                },
                {
                    "category": "left",
                    "position": "-0.1578579, 1.394235, -0.9800575",
                    "axis_x": "-0.1448689, -0.3962533, 0.9066401",
                    "axis_y": "-0.01903427, 0.9172529, 0.3978503",
                    "axis_z": "-0.9892678, 0.04037894, -0.1404238",
                    "size": 0.25
                },
                {
                    "category": "right",
                    "position": "1.592924, 1.283315, -0.8053206"
                },
                {
                    "category": "right",
                    "position": "1.592924, 1.283315, -0.8053206",
                    "axis_x": "0.05051276, 0.8017201, 0.5955617",
                    "axis_y": "-0.2390042, -0.5692921, 0.7866282",
                    "axis_z": "0.969704, -0.1820766, 0.1628577",
                    "size": 0.25
                },
                {
                    "position": "0, 0, 0",
                    "axis_x": "1, 0, 0",
                    "axis_y": "0, 1, 0",
                    "axis_z": "0, 0, 1",
                    "size": 1
                }
            ],
            "text": []
        }
    ],
    "text": []
}