{
    "categories": [
        {
            "name": "head",
            "color": "FFEBEBEB",
            "size_mult": 2
        },
        {
            "name": "left",
            "color": "FFA33F37",
            "size_mult": 2
        },
        {
            "name": "right",
            "color": "FF23A157",
            "size_mult": 2
        }
    ],
    "frames": [
        {
            "items": [
                {
                    "category": "head",
                    "position": "0.7237647, 1.596024, -0.8412669"
                },
                {
                    "category": "head",
                    "position": "0.7237647, 1.596024, -0.8412669",
                    "axis_x": "0.998642, -0.03142644, 0.04155136",
                    "axis_y": "0.02738922, 0.995158, 0.09439526",
                    "axis_z": "-0.04431667, -0.09312902, 0.9946673",
                    "size": 0.25
                },
                {
                    "category": "left",
                    "position": "-0.07382061, 1.482163, -0.7384434"
                },
                {
                    "category": "left",
                    "position": "-0.07382061, 1.482163, -0.7384434",
                    "axis_x": "0.3491848, -0.5410225, 0.7650912",
                    "axis_y": "0.4418186, 0.8150895, 0.3747337",
                    "axis_z": "-0.8263572, 0.2071803, 0.5236506",
                    "size": 0.25
                },
                {
                    "category": "right",
                    "position": "1.540808, 1.410792, -0.7114554"
                },
                {
                    "category": "right",
                    "position": "1.540808, 1.410792, -0.7114554",
                    "axis_x": "0.4001943, 0.5810993, -0.7086383",
                    "axis_y": "-0.5150242, 0.782207, 0.3505741",
                    "axis_z": "0.7580202, 0.224668, 0.6123151",
                    "size": 0.25
                },
                {
                    "position": "0, 0, 0",
                    "axis_x": "1, 0, 0",
                    "axis_y": "0, 1, 0",
                    "axis_z": "0, 0, 1",
                    "size": 1
                }
            ],
            "text": []
        }
    ],
    "text": []
}