{
    "categories": [
        {
            "name": "head",
            "color": "FFEBEBEB",
            "size_mult": 2
        },
        {
            "name": "left",
            "color": "FFA33F37",
            "size_mult": 2
        },
        {
            "name": "right",
            "color": "FF23A157",
            "size_mult": 2
        }
    ],
    "frames": [
        {
            "items": [
                {
                    "category": "head",
                    "position": "0.7194123, 1.595709, -0.8395243"
                },
                {
                    "category": "head",
                    "position": "0.7194123, 1.595709, -0.8395243",
                    "axis_x": "0.9997736, -0.01546607, 0.01461719",
                    "axis_y": "0.01391228, 0.9947891, 0.1010005",
                    "axis_z": "-0.0161031, -0.1007743, 0.994779",
                    "size": 0.25
                },
                {
                    "category": "left",
                    "position": "-0.1130235, 1.462211, -0.8876171"
                },
                {
                    "category": "left",
                    "position": "-0.1130235, 1.462211, -0.8876171",
                    "axis_x": "-0.8345954, -0.5426883, 0.09455168",
                    "axis_y": "0.1129421, -0.000579115, 0.9936014",
                    "axis_z": "-0.5391611, 0.839934, 0.06177557",
                    "size": 0.25
                },
                {
                    "category": "right",
                    "position": "1.603, 1.400699, -0.8178181"
                },
                {
                    "category": "right",
                    "position": "1.603, 1.400699, -0.8178181",
                    "axis_x": "-0.5598065, 0.828609, -0.004904985",
                    "axis_y": "-0.1344364, -0.0849808, 0.9872716",
                    "axis_z": "0.8176453, 0.5533404, 0.1589679",
                    "size": 0.25
                },
                {
                    "position": "0, 0, 0",
                    "axis_x": "1, 0, 0",
                    "axis_y": "0, 1, 0",
                    "axis_z": "0, 0, 1",
                    "size": 1
                }
            ],
            "text": []
        }
    ],
    "text": []
}