{
    "categories": [
        {
            "name": "head",
            "color": "FFEBEBEB",
            "size_mult": 2
        },
        {
            "name": "left",
            "color": "FFA33F37",
            "size_mult": 2
        },
        {
            "name": "right",
            "color": "FF23A157",
            "size_mult": 2
        }
    ],
    "frames": [
        {
            "items": [
                {
                    "category": "head",
                    "position": "0.705006, 1.596486, -0.826678"
                },
                {
                    "category": "head",
                    "position": "0.705006, 1.596486, -0.826678",
                    "axis_x": "0.9976488, -0.0006783942, 0.0685304",
                    "axis_y": "-0.006674294, 0.9942361, 0.1070049",
                    "axis_z": "-0.06820798, -0.1072107, 0.9918939",
                    "size": 0.25
                },
                {
                    "category": "left",
                    "position": "-0.1555848, 1.279095, -1.015227"
                },
                {
                    "category": "left",
                    "position": "-0.1555848, 1.279095, -1.015227",
                    "axis_x": "0.1561047, -0.7570298, -0.6344581",
                    "axis_y": "0.09511447, -0.6278268, 0.7725197",
                    "axis_z": "-0.9831503, -0.1809401, -0.0260022",
                    "size": 0.25
                },
                {
                    "category": "right",
                    "position": "1.591149, 1.424003, -0.7792246"
                },
                {
                    "category": "right",
                    "position": "1.591149, 1.424003, -0.7792246",
                    "axis_x": "0.09815364, 0.4585647, -0.8832238",
                    "axis_y": "-0.1849906, 0.8804482, 0.4365654",
                    "axis_z": "0.9778264, 0.1205376, 0.1712494",
                    "size": 0.25
                },
                {
                    "position": "0, 0, 0",
                    "axis_x": "1, 0, 0",
                    "axis_y": "0, 1, 0",
                    "axis_z": "0, 0, 1",
                    "size": 1
                }
            ],
            "text": []
        }
    ],
    "text": []
}