{
    "categories": [
        {
            "name": "head",
            "color": "FFEBEBEB",
            "size_mult": 2
        },
        {
            "name": "left",
            "color": "FFA33F37",
            "size_mult": 2
        },
        {
            "name": "right",
            "color": "FF23A157",
            "size_mult": 2
        }
    ],
    "frames": [
        {
            "items": [
                {
                    "category": "head",
                    "position": "0.7228125, 1.594733, -0.8415601"
                },
                {
                    "category": "head",
                    "position": "0.7228125, 1.594733, -0.8415601",
                    "axis_x": "0.9985232, -0.03340584, 0.0428411",
                    "axis_y": "0.02867065, 0.9938735, 0.1067403",
                    "axis_z": "-0.04614438, -0.1053544, 0.9933636",
                    "size": 0.25
                },
                {
                    "category": "left",
                    "position": "-0.1583946, 1.387702, -0.9521449"
                },
                {
                    "category": "left",
                    "position": "-0.1583946, 1.387702, -0.9521449",
                    "axis_x": "-0.4120285, 0.1922016, 0.8906689",
                    "axis_y": "-0.2293776, 0.9241395, -0.3055358",
                    "axis_z": "-0.8818268, -0.330189, -0.336685",
                    "size": 0.25
                },
                {
                    "category": "right",
                    "position": "1.620357, 1.347506, -0.9417232"
                },
                {
                    "category": "right",
                    "position": "1.620357, 1.347506, -0.9417232",
                    "axis_x": "-0.4336624, -0.4877826, -0.7576313",
                    "axis_y": "-0.02892014, 0.8479092, -0.5293522",
                    "axis_z": "0.9006113, -0.2076493, -0.3818131",
                    "size": 0.25
                },
                {
                    "position": "0, 0, 0",
                    "axis_x": "1, 0, 0",
                    "axis_y": "0, 1, 0",
                    "axis_z": "0, 0, 1",
                    "size": 1
                }
            ],
            "text": []
        }
    ],
    "text": []
}