{
    "categories": [
        {
            "name": "head",
            "color": "FFEBEBEB",
            "size_mult": 2
        },
        {
            "name": "left",
            "color": "FFA33F37",
            "size_mult": 2
        },
        {
            "name": "right",
            "color": "FF23A157",
            "size_mult": 2
        }
    ],
    "frames": [
        {
            "items": [
                {
                    "category": "head",
                    "position": "0.7225119, 1.595339, -0.8358769"
                },
                {
                    "category": "head",
                    "position": "0.7225119, 1.595339, -0.8358769",
                    "axis_x": "0.9992648, -0.02612407, 0.02805996",
                    "axis_y": "0.02326494, 0.9949353, 0.09778789",
                    "axis_z": "-0.03047247, -0.09706319, 0.9948116",
                    "size": 0.25
                },
                {
                    "category": "left",
                    "position": "-0.1420082, 1.351108, -0.8984632"
                },
                {
                    "category": "left",
                    "position": "-0.1420082, 1.351108, -0.8984632",
                    "axis_x": "0.0528197, -0.9784132, -0.1997941",
                    "axis_y": "0.1231387, -0.192165, 0.9736065",
                    "axis_z": "-0.9909828, -0.07602799, 0.1103304",
                    "size": 0.25
                },
                {
                    "category": "right",
                    "position": "1.598678, 1.321178, -0.7984944"
                },
                {
                    "category": "right",
                    "position": "1.598678, 1.321178, -0.7984944",
                    "axis_x": "0.2064355, 0.9779801, -0.03064716",
                    "axis_y": "-0.2002566, 0.07288823, 0.9770285",
                    "axis_z": "0.9577482, -0.1955561, 0.2108937",
                    "size": 0.25
                },
                {
                    "position": "0, 0, 0",
                    "axis_x": "1, 0, 0",
                    "axis_y": "0, 1, 0",
                    "axis_z": "0, 0, 1",
                    "size": 1
                }
            ],
            "text": []
        }
    ],
    "text": []
}