{
    "categories": [
        {
            "name": "head",
            "color": "FFEBEBEB",
            "size_mult": 2
        },
        {
            "name": "left",
            "color": "FFA33F37",
            "size_mult": 2
        },
        {
            "name": "right",
            "color": "FF23A157",
            "size_mult": 2
        }
    ],
    "frames": [
        {
            "items": [
                {
                    "category": "head",
                    "position": "0.7168653, 1.598348, -0.8501568"
                },
                {
                    "category": "head",
                    "position": "0.7168653, 1.598348, -0.8501568",
                    "axis_x": "0.9973532, -0.01436543, 0.07127582",
                    "axis_y": "0.007140716, 0.9949013, 0.1006003",
                    "axis_z": "-0.07235757, -0.09982511, 0.9923705",
                    "size": 0.25
                },
                {
                    "category": "left",
                    "position": "-0.1506057, 1.295238, -0.9954611"
                },
                {
                    "category": "left",
                    "position": "-0.1506057, 1.295238, -0.9954611",
                    "axis_x": "0.07740143, -0.9961669, -0.04074898",
                    "axis_y": "-0.009414911, -0.04160014, 0.99909",
                    "axis_z": "-0.9969556, -0.07694739, -0.01259881",
                    "size": 0.25
                },
                {
                    "category": "right",
                    "position": "1.599094, 1.36325, -0.7716959"
                },
                {
                    "category": "right",
                    "position": "1.599094, 1.36325, -0.7716959",
                    "axis_x": "0.02087367, 0.9447758, -0.3270518",
                    "axis_y": "-0.2267285, 0.3230737, 0.9188131",
                    "axis_z": "0.9737343, 0.05497298, 0.2209514",
                    "size": 0.25
                },
                {
                    "position": "0, 0, 0",
                    "axis_x": "1, 0, 0",
                    "axis_y": "0, 1, 0",
                    "axis_z": "0, 0, 1",
                    "size": 1
                }
            ],
            "text": []
        }
    ],
    "text": []
}