{
    "categories": [
        {
            "name": "head",
            "color": "FFEBEBEB",
            "size_mult": 2
        },
        {
            "name": "left",
            "color": "FFA33F37",
            "size_mult": 2
        },
        {
            "name": "right",
            "color": "FF23A157",
            "size_mult": 2
        }
    ],
    "frames": [
        {
            "items": [
                {
                    "category": "head",
                    "position": "0.7197833, 1.595011, -0.8330874"
                },
                {
                    "category": "head",
                    "position": "0.7197833, 1.595011, -0.8330874",
                    "axis_x": "0.9973323, -0.002502612, 0.07295211",
                    "axis_y": "-0.004877634, 0.9948936, 0.1008121",
                    "axis_z": "-0.07283188, -0.100899, 0.9922273",
                    "size": 0.25
                },
                {
                    "category": "left",
                    "position": "0.5321525, 2.096606, -0.8365384"
                },
                {
                    "category": "left",
                    "position": "0.5321525, 2.096606, -0.8365384",
                    "axis_x": "0.2401169, -0.1139577, 0.9640319",
                    "axis_y": "0.9688606, 0.08996516, -0.2306849",
                    "axis_z": "-0.06044102, 0.9894039, 0.1320112",
                    "size": 0.25
                },
                {
                    "category": "right",
                    "position": "1.588784, 1.304041, -0.7202932"
                },
                {
                    "category": "right",
                    "position": "1.588784, 1.304041, -0.7202932",
                    "axis_x": "0.1616175, 0.5000436, -0.8507856",
                    "axis_y": "-0.1334292, 0.8652754, 0.4832133",
                    "axis_z": "0.9777915, 0.03542396, 0.2065641",
                    "size": 0.25
                },
                {
                    "position": "0, 0, 0",
                    "axis_x": "1, 0, 0",
                    "axis_y": "0, 1, 0",
                    "axis_z": "0, 0, 1",
                    "size": 1
                }
            ],
            "text": []
        }
    ],
    "text": []
}