{
    "categories": [
        {
            "name": "head",
            "color": "FFEBEBEB",
            "size_mult": 2
        },
        {
            "name": "left",
            "color": "FFA33F37",
            "size_mult": 2
        },
        {
            "name": "right",
            "color": "FF23A157",
            "size_mult": 2
        }
    ],
    "frames": [
        {
            "items": [
                {
                    "category": "head",
                    "position": "0.7208722, 1.596794, -0.8448663"
                },
                {
                    "category": "head",
                    "position": "0.7208722, 1.596794, -0.8448663",
                    "axis_x": "0.9974984, 0.001424098, 0.07067464",
                    "axis_y": "-0.007660454, 0.9960868, 0.08804807",
                    "axis_z": "-0.07027268, -0.08836921, 0.9936059",
                    "size": 0.25
                },
                {
                    "category": "left",
                    "position": "0.5409897, 2.100135, -0.8927987"
                },
                {
                    "category": "left",
                    "position": "0.5409897, 2.100135, -0.8927987",
                    "axis_x": "0.4923792, -0.008586586, 0.8703384",
                    "axis_y": "0.8701645, -0.01743948, -0.4924529",
                    "axis_z": "0.01940665, 0.9998112, -0.001115158",
                    "size": 0.25
                },
                {
                    "category": "right",
                    "position": "1.573607, 1.243291, -0.6918656"
                },
                {
                    "category": "right",
                    "position": "1.573607, 1.243291, -0.6918656",
                    "axis_x": "0.01079825, 0.9848453, 0.1730985",
                    "axis_y": "-0.3421344, -0.1590215, 0.9260973",
                    "axis_z": "0.939589, -0.0692232, 0.3352324",
                    "size": 0.25
                },
                {
                    "position": "0, 0, 0",
                    "axis_x": "1, 0, 0",
                    "axis_y": "0, 1, 0",
                    "axis_z": "0, 0, 1",
                    "size": 1
                }
            ],
            "text": []
        }
    ],
    "text": []
}