{
    "categories": [
        {
            "name": "head",
            "color": "FFEBEBEB",
            "size_mult": 2
        },
        {
            "name": "left",
            "color": "FFA33F37",
            "size_mult": 2
        },
        {
            "name": "right",
            "color": "FF23A157",
            "size_mult": 2
        }
    ],
    "frames": [
        {
            "items": [
                {
                    "category": "head",
                    "position": "0.7279413, 1.5952, -0.8531804"
                },
                {
                    "category": "head",
                    "position": "0.7279413, 1.5952, -0.8531804",
                    "axis_x": "0.9972892, -0.01454612, 0.07212979",
                    "axis_y": "0.007746392, 0.9955732, 0.09366918",
                    "axis_z": "-0.073173, -0.09285652, 0.9929871",
                    "size": 0.25
                },
                {
                    "category": "left",
                    "position": "0.5011018, 2.040775, -0.7311158"
                },
                {
                    "category": "left",
                    "position": "0.5011018, 2.040775, -0.7311158",
                    "axis_x": "-0.2607063, -0.6806452, 0.6846564",
                    "axis_y": "0.9366264, -0.006419245, 0.3502709",
                    "axis_z": "-0.2340152, 0.7325851, 0.6391838",
                    "size": 0.25
                },
                {
                    "category": "right",
                    "position": "1.610097, 1.283981, -0.8418292"
                },
                {
                    "category": "right",
                    "position": "1.610097, 1.283981, -0.8418292",
                    "axis_x": "-0.1228351, -0.4139102, -0.9019922",
                    "axis_y": "-0.005221337, 0.9091319, -0.4164755",
                    "axis_z": "0.9924134, -0.04644819, -0.1138345",
                    "size": 0.25
                },
                {
                    "position": "0, 0, 0",
                    "axis_x": "1, 0, 0",
                    "axis_y": "0, 1, 0",
                    "axis_z": "0, 0, 1",
                    "size": 1
                }
            ],
            "text": []
        }
    ],
    "text": []
}