{
    "categories": [
        {
            "name": "head",
            "color": "FFEBEBEB",
            "size_mult": 2
        },
        {
            "name": "left",
            "color": "FFA33F37",
            "size_mult": 2
        },
        {
            "name": "right",
            "color": "FF23A157",
            "size_mult": 2
        }
    ],
    "frames": [
        {
            "items": [
                {
                    "category": "head",
                    "position": "0.7246906, 1.595525, -0.8294396"
                },
                {
                    "category": "head",
                    "position": "0.7246906, 1.595525, -0.8294396",
                    "axis_x": "0.9973528, -0.01062011, 0.07193431",
                    "axis_y": "0.003488476, 0.995126, 0.0985497",
                    "axis_z": "-0.07263031, -0.09803788, 0.9925288",
                    "size": 0.25
                },
                {
                    "category": "left",
                    "position": "0.4894567, 2.08939, -0.7351438"
                },
                {
                    "category": "left",
                    "position": "0.4894567, 2.08939, -0.7351438",
                    "axis_x": "-0.7236613, -0.1475683, 0.6741946",
                    "axis_y": "0.6867352, -0.05683057, 0.7246829",
                    "axis_z": "-0.06862548, 0.9874179, 0.1424663",
                    "size": 0.25
                },
                {
                    "category": "right",
                    "position": "1.606329, 1.309214, -0.8166122"
                },
                {
                    "category": "right",
                    "position": "1.606329, 1.309214, -0.8166122",
                    "axis_x": "0.0576346, -0.5134127, -0.8562043",
                    "axis_y": "-0.03051867, 0.8563229, -0.5155382",
                    "axis_z": "0.9978712, 0.05584301, 0.03368517",
                    "size": 0.25
                },
                {
                    "position": "0, 0, 0",
                    "axis_x": "1, 0, 0",
                    "axis_y": "0, 1, 0",
                    "axis_z": "0, 0, 1",
                    "size": 1
                }
            ],
            "text": []
        }
    ],
    "text": []
}