{
    "categories": [
        {
            "name": "head",
            "color": "FFEBEBEB",
            "size_mult": 2
        },
        {
            "name": "left",
            "color": "FFA33F37",
            "size_mult": 2
        },
        {
            "name": "right",
            "color": "FF23A157",
            "size_mult": 2
        }
    ],
    "frames": [
        {
            "items": [
                {
                    "category": "head",
                    "position": "0.721444, 1.596684, -0.8417482"
                },
                {
                    "category": "head",
                    "position": "0.721444, 1.596684, -0.8417482",
                    "axis_x": "0.9975784, -0.003265051, 0.06947362",
                    "axis_y": "-0.003052421, 0.9958797, 0.09063336",
                    "axis_z": "-0.06948329, -0.09062595, 0.9934581",
                    "size": 0.25
                },
                {
                    "category": "left",
                    "position": "0.5420969, 2.095294, -0.8400072"
                },
                {
                    "category": "left",
                    "position": "0.5420969, 2.095294, -0.8400072",
                    "axis_x": "0.1628456, -0.1075645, 0.9807706",
                    "axis_y": "0.98655, 0.003495902, -0.1634218",
                    "axis_z": "0.01414973, 0.9941919, 0.1066871",
                    "size": 0.25
                },
                {
                    "category": "right",
                    "position": "1.575567, 1.211689, -0.7188904"
                },
                {
                    "category": "right",
                    "position": "1.575567, 1.211689, -0.7188904",
                    "axis_x": "0.03645675, 0.9087058, 0.4158419",
                    "axis_y": "-0.3588862, -0.3764539, 0.8540978",
                    "axis_z": "0.932669, -0.1803775, 0.3123978",
                    "size": 0.25
                },
                {
                    "position": "0, 0, 0",
                    "axis_x": "1, 0, 0",
                    "axis_y": "0, 1, 0",
                    "axis_z": "0, 0, 1",
                    "size": 1
                }
            ],
            "text": []
        }
    ],
    "text": []
}