{
    "categories": [
        {
            "name": "head",
            "color": "FFEBEBEB",
            "size_mult": 2
        },
        {
            "name": "left",
            "color": "FFA33F37",
            "size_mult": 2
        },
        {
            "name": "right",
            "color": "FF23A157",
            "size_mult": 2
        }
    ],
    "frames": [
        {
            "items": [
                {
                    "category": "head",
                    "position": "0.7210196, 1.598403, -0.8423965"
                },
                {
                    "category": "head",
                    "position": "0.7210196, 1.598403, -0.8423965",
                    "axis_x": "0.9970734, -0.005758419, 0.07623283",
                    "axis_y": "-0.0002970488, 0.9968598, 0.07918525",
                    "axis_z": "-0.07644943, -0.07897615, 0.9939408",
                    "size": 0.25
                },
                {
                    "category": "left",
                    "position": "0.4706324, 2.093101, -0.791853"
                },
                {
                    "category": "left",
                    "position": "0.4706324, 2.093101, -0.791853",
                    "axis_x": "-0.5683319, -0.2595289, 0.7807968",
                    "axis_y": "0.7999349, 0.04787146, 0.5981743",
                    "axis_z": "-0.1926214, 0.9645481, 0.1803994",
                    "size": 0.25
                },
                {
                    "category": "right",
                    "position": "1.573183, 1.269993, -0.6860387"
                },
                {
                    "category": "right",
                    "position": "1.573183, 1.269993, -0.6860387",
                    "axis_x": "0.1022648, 0.9766751, -0.1888066",
                    "axis_y": "-0.3254358, 0.2122051, 0.921445",
                    "axis_z": "0.940018, -0.03278708, 0.339546",
                    "size": 0.25
                },
                {
                    "position": "0, 0, 0",
                    "axis_x": "1, 0, 0",
                    "axis_y": "0, 1, 0",
                    "axis_z": "0, 0, 1",
                    "size": 1
                }
            ],
            "text": []
        }
    ],
    "text": []
}