{
    "categories": [
        {
            "name": "head",
            "color": "FFEBEBEB",
            "size_mult": 2
        },
        {
            "name": "left",
            "color": "FFA33F37",
            "size_mult": 2
        },
        {
            "name": "right",
            "color": "FF23A157",
            "size_mult": 2
        }
    ],
    "frames": [
        {
            "items": [
                {
                    "category": "head",
                    "position": "0.7241266, 1.595151, -0.84763"
                },
                {
                    "category": "head",
                    "position": "0.7241266, 1.595151, -0.84763",
                    "axis_x": "0.9970899, -0.01372152, 0.07499015",
                    "axis_y": "0.00618292, 0.9949833, 0.09984988",
                    "axis_z": "-0.07598405, -0.09909564, 0.9921726",
                    "size": 0.25
                },
                {
                    "category": "left",
                    "position": "0.5168078, 2.080293, -0.7978207"
                },
                {
                    "category": "left",
                    "position": "0.5168078, 2.080293, -0.7978207",
                    "axis_x": "-0.1570487, -0.3541687, 0.9219004",
                    "axis_y": "0.9822613, 0.04083192, 0.1830178",
                    "axis_z": "-0.1024622, 0.9342897, 0.3414736",
                    "size": 0.25
                },
                {
                    "category": "right",
                    "position": "1.587857, 1.271789, -0.7187876"
                },
                {
                    "category": "right",
                    "position": "1.587857, 1.271789, -0.7187876",
                    "axis_x": "0.1340195, 0.6829302, -0.7180844",
                    "axis_y": "-0.1321107, 0.7304661, 0.6700493",
                    "axis_z": "0.9821332, 0.005066901, 0.188119",
                    "size": 0.25
                },
                {
                    "position": "0, 0, 0",
                    "axis_x": "1, 0, 0",
                    "axis_y": "0, 1, 0",
                    "axis_z": "0, 0, 1",
                    "size": 1
                }
            ],
            "text": []
        }
    ],
    "text": []
}