{
    "categories": [
        {
            "name": "head",
            "color": "FFEBEBEB",
            "size_mult": 2
        },
        {
            "name": "left",
            "color": "FFA33F37",
            "size_mult": 2
        },
        {
            "name": "right",
            "color": "FF23A157",
            "size_mult": 2
        }
    ],
    "frames": [
        {
            "items": [
                {
                    "category": "head",
                    "position": "0.724591, 1.596432, -0.8314948"
                },
                {
                    "category": "head",
                    "position": "0.724591, 1.596432, -0.8314948",
                    "axis_x": "0.9976168, -0.009802777, 0.06829815",
                    "axis_y": "0.003525087, 0.9958047, 0.09143682",
                    "axis_z": "-0.06890795, -0.09097815, 0.993466",
                    "size": 0.25
                },
                {
                    "category": "left",
                    "position": "0.4725952, 2.08733, -0.7350231"
                },
                {
                    "category": "left",
                    "position": "0.4725952, 2.08733, -0.7350231",
                    "axis_x": "-0.9274678, -0.1017049, 0.359805",
                    "axis_y": "0.3709663, -0.1299264, 0.9195125",
                    "axis_z": "-0.04677074, 0.9862937, 0.1582316",
                    "size": 0.25
                },
                {
                    "category": "right",
                    "position": "1.607967, 1.30093, -0.8358839"
                },
                {
                    "category": "right",
                    "position": "1.607967, 1.30093, -0.8358839",
                    "axis_x": "-0.006481677, -0.6554252, -0.7552323",
                    "axis_y": "-0.0244579, 0.7551261, -0.6551232",
                    "axis_z": "0.9996799, 0.0142251, -0.02092481",
                    "size": 0.25
                },
                {
                    "position": "0, 0, 0",
                    "axis_x": "1, 0, 0",
                    "axis_y": "0, 1, 0",
                    "axis_z": "0, 0, 1",
                    "size": 1
                }
            ],
            "text": []
        }
    ],
    "text": []
}