{
    "categories": [
        {
            "name": "head",
            "color": "FFEBEBEB",
            "size_mult": 2
        },
        {
            "name": "left",
            "color": "FFA33F37",
            "size_mult": 2
        },
        {
            "name": "right",
            "color": "FF23A157",
            "size_mult": 2
        }
    ],
    "frames": [
        {
            "items": [
                {
                    "category": "head",
                    "position": "0.7250128, 1.59545, -0.8487635"
                },
                {
                    "category": "head",
                    "position": "0.7250128, 1.59545, -0.8487635",
                    "axis_x": "0.9974262, -0.01194829, 0.07069793",
                    "axis_y": "0.004925853, 0.9951068, 0.09868253",
                    "axis_z": "-0.07153109, -0.0980803, 0.9926044",
                    "size": 0.25
                },
                {
                    "category": "left",
                    "position": "0.5547023, 2.06102, -0.9732769"
                },
                {
                    "category": "left",
                    "position": "0.5547023, 2.06102, -0.9732769",
                    "axis_x": "0.01106061, 0.8275924, 0.5612205",
                    "axis_y": "0.9858399, -0.1029423, 0.1323729",
                    "axis_z": "0.1673241, 0.5518094, -0.8170122",
                    "size": 0.25
                },
                {
                    "category": "right",
                    "position": "1.464772, 1.221302, -0.666869"
                },
                {
                    "category": "right",
                    "position": "1.464772, 1.221302, -0.666869",
                    "axis_x": "0.9745368, 0.2021038, -0.09711823",
                    "axis_y": "-0.1083009, 0.8035088, 0.5853586",
                    "axis_z": "0.1963385, -0.5599355, 0.8049369",
                    "size": 0.25
                },
                {
                    "position": "0, 0, 0",
                    "axis_x": "1, 0, 0",
                    "axis_y": "0, 1, 0",
                    "axis_z": "0, 0, 1",
                    "size": 1
                }
            ],
            "text": []
        }
    ],
    "text": []
}