{
    "categories": [
        {
            "name": "head",
            "color": "FFEBEBEB",
            "size_mult": 2
        },
        {
            "name": "left",
            "color": "FFA33F37",
            "size_mult": 2
        },
        {
            "name": "right",
            "color": "FF23A157",
            "size_mult": 2
        }
    ],
    "frames": [
        {
            "items": [
                {
                    "category": "head",
                    "position": "0.7224107, 1.5974, -0.84377"
                },
                {
                    "category": "head",
                    "position": "0.7224107, 1.5974, -0.84377",
                    "axis_x": "0.9976808, -0.002564484, 0.06801771",
                    "axis_y": "-0.003308089, 0.9962822, 0.08608591",
                    "axis_z": "-0.06798559, -0.08611127, 0.9939632",
                    "size": 0.25
                },
                {
                    "category": "left",
                    "position": "0.4756369, 2.095579, -0.7687009"
                },
                {
                    "category": "left",
                    "position": "0.4756369, 2.095579, -0.7687009",
                    "axis_x": "-0.710746, -0.2205837, 0.6679696",
                    "axis_y": "0.6904212, -0.03684166, 0.7224691",
                    "axis_z": "-0.1347559, 0.9746721, 0.1784805",
                    "size": 0.25
                },
                {
                    "category": "right",
                    "position": "1.570237, 1.266289, -0.6803944"
                },
                {
                    "category": "right",
                    "position": "1.570237, 1.266289, -0.6803944",
                    "axis_x": "0.1004468, 0.9765404, -0.1904711",
                    "axis_y": "-0.3374839, 0.2135311, 0.9167929",
                    "axis_z": "0.9359568, -0.02780804, 0.3510152",
                    "size": 0.25
                },
                {
                    "position": "0, 0, 0",
                    "axis_x": "1, 0, 0",
                    "axis_y": "0, 1, 0",
                    "axis_z": "0, 0, 1",
                    "size": 1
                }
            ],
            "text": []
        }
    ],
    "text": []
}