{
    "categories": [
        {
            "name": "head",
            "color": "FFEBEBEB",
            "size_mult": 2
        },
        {
            "name": "left",
            "color": "FFA33F37",
            "size_mult": 2
        },
        {
            "name": "right",
            "color": "FF23A157",
            "size_mult": 2
        }
    ],
    "frames": [
        {
            "items": [
                {
                    "category": "head",
                    "position": "0.7223572, 1.595716, -0.842509"
                },
                {
                    "category": "head",
                    "position": "0.7223572, 1.595716, -0.842509",
                    "axis_x": "0.9974095, -0.008231766, 0.07146051",
                    "axis_y": "0.001055414, 0.9949983, 0.09988614",
                    "axis_z": "-0.07192532, -0.09955197, 0.9924294",
                    "size": 0.25
                },
                {
                    "category": "left",
                    "position": "0.5287086, 2.073143, -0.77215"
                },
                {
                    "category": "left",
                    "position": "0.5287086, 2.073143, -0.77215",
                    "axis_x": "-0.1604792, -0.4082787, 0.8986406",
                    "axis_y": "0.9868603, -0.04902913, 0.153958",
                    "axis_z": "-0.01879823, 0.9115397, 0.4107821",
                    "size": 0.25
                },
                {
                    "category": "right",
                    "position": "1.566106, 1.217992, -0.685665"
                },
                {
                    "category": "right",
                    "position": "1.566106, 1.217992, -0.685665",
                    "axis_x": "0.2976564, 0.9382361, -0.1763904",
                    "axis_y": "-0.2283102, 0.2493629, 0.9411125",
                    "axis_z": "0.926971, -0.2398564, 0.2884333",
                    "size": 0.25
                },
                {
                    "position": "0, 0, 0",
                    "axis_x": "1, 0, 0",
                    "axis_y": "0, 1, 0",
                    "axis_z": "0, 0, 1",
                    "size": 1
                }
            ],
            "text": []
        }
    ],
    "text": []
}