{
    "categories": [
        {
            "name": "head",
            "color": "FFEBEBEB",
            "size_mult": 2
        },
        {
            "name": "left",
            "color": "FFA33F37",
            "size_mult": 2
        },
        {
            "name": "right",
            "color": "FF23A157",
            "size_mult": 2
        }
    ],
    "frames": [
        {
            "items": [
                {
                    "category": "head",
                    "position": "0.7160873, 1.588189, -0.8008466"
                },
                {
                    "category": "head",
                    "position": "0.7160873, 1.588189, -0.8008466",
                    "axis_x": "0.9965676, -0.01550672, 0.08131792",
                    "axis_y": "0.004594587, 0.991146, 0.1326966",
                    "axis_z": "-0.08265562, -0.1318675, 0.9878153",
                    "size": 0.25
                },
                {
                    "category": "left",
                    "position": "0.4246661, 0.7876354, -1.304028"
                },
                {
                    "category": "left",
                    "position": "0.4246661, 0.7876354, -1.304028",
                    "axis_x": "0.6891237, 0.3844417, -0.6142582",
                    "axis_y": "0.7246035, -0.3745089, 0.5785266",
                    "axis_z": "-0.007635385, -0.84377, -0.5366507",
                    "size": 0.25
                },
                {
                    "category": "right",
                    "position": "1.606614, 1.336703, -0.7300681"
                },
                {
                    "category": "right",
                    "position": "1.606614, 1.336703, -0.7300681",
                    "axis_x": "0.08519939, 0.9544632, -0.285904",
                    "axis_y": "-0.07392722, 0.2922122, 0.9534919",
                    "axis_z": "0.9936175, -0.06010082, 0.09545711",
                    "size": 0.25
                },
                {
                    "position": "0, 0, 0",
                    "axis_x": "1, 0, 0",
                    "axis_y": "0, 1, 0",
                    "axis_z": "0, 0, 1",
                    "size": 1
                }
            ],
            "text": []
        }
    ],
    "text": []
}