{
    "categories": [
        {
            "name": "head",
            "color": "FFEBEBEB",
            "size_mult": 2
        },
        {
            "name": "left",
            "color": "FFA33F37",
            "size_mult": 2
        },
        {
            "name": "right",
            "color": "FF23A157",
            "size_mult": 2
        }
    ],
    "frames": [
        {
            "items": [
                {
                    "category": "head",
                    "position": "0.7190849, 1.586201, -0.8043935"
                },
                {
                    "category": "head",
                    "position": "0.7190849, 1.586201, -0.8043935",
                    "axis_x": "0.9966068, -0.01721222, 0.08048998",
                    "axis_y": "0.004897779, 0.9885592, 0.1507534",
                    "axis_z": "-0.08216392, -0.1498476, 0.9852892",
                    "size": 0.25
                },
                {
                    "category": "left",
                    "position": "0.4650832, 0.8294992, -1.337469"
                },
                {
                    "category": "left",
                    "position": "0.4650832, 0.8294992, -1.337469",
                    "axis_x": "0.8215727, 0.5478231, -0.1578232",
                    "axis_y": "0.4459746, -0.4451233, 0.7765126",
                    "axis_z": "0.3551407, -0.7083467, -0.6100163",
                    "size": 0.25
                },
                {
                    "category": "right",
                    "position": "1.618771, 1.358078, -0.8108788"
                },
                {
                    "category": "right",
                    "position": "1.618771, 1.358078, -0.8108788",
                    "axis_x": "0.09749242, -0.4541108, -0.8855951",
                    "axis_y": "0.09257436, 0.8901139, -0.4462367",
                    "axis_z": "0.9909214, -0.0384787, 0.1288184",
                    "size": 0.25
                },
                {
                    "position": "0, 0, 0",
                    "axis_x": "1, 0, 0",
                    "axis_y": "0, 1, 0",
                    "axis_z": "0, 0, 1",
                    "size": 1
                }
            ],
            "text": []
        }
    ],
    "text": []
}