{
    "categories": [
        {
            "name": "head",
            "color": "FFEBEBEB",
            "size_mult": 2
        },
        {
            "name": "left",
            "color": "FFA33F37",
            "size_mult": 2
        },
        {
            "name": "right",
            "color": "FF23A157",
            "size_mult": 2
        }
    ],
    "frames": [
        {
            "items": [
                {
                    "category": "head",
                    "position": "0.7214944, 1.587861, -0.7982252"
                },
                {
                    "category": "head",
                    "position": "0.7214944, 1.587861, -0.7982252",
                    "axis_x": "0.997021, -0.02124358, 0.07414751",
                    "axis_y": "0.01127665, 0.9911409, 0.1323352",
                    "axis_z": "-0.07630191, -0.1311048, 0.9884278",
                    "size": 0.25
                },
                {
                    "category": "left",
                    "position": "0.2668896, 0.8332983, -1.334068"
                },
                {
                    "category": "left",
                    "position": "0.2668896, 0.8332983, -1.334068",
                    "axis_x": "0.6053659, -0.7951398, 0.03584316",
                    "axis_y": "-0.7041269, -0.5139905, 0.4899176",
                    "axis_z": "-0.3711299, -0.3218176, -0.8710317",
                    "size": 0.25
                },
                {
                    "category": "right",
                    "position": "1.620291, 1.383568, -0.7690705"
                },
                {
                    "category": "right",
                    "position": "1.620291, 1.383568, -0.7690705",
                    "axis_x": "-0.1188825, 0.5739254, -0.8102324",
                    "axis_y": "-0.002091289, 0.8158728, 0.5782276",
                    "axis_z": "0.9929061, 0.07043558, -0.09579276",
                    "size": 0.25
                },
                {
                    "position": "0, 0, 0",
                    "axis_x": "1, 0, 0",
                    "axis_y": "0, 1, 0",
                    "axis_z": "0, 0, 1",
                    "size": 1
                }
            ],
            "text": []
        }
    ],
    "text": []
}