{
    "categories": [
        {
            "name": "head",
            "color": "FFEBEBEB",
            "size_mult": 2
        },
        {
            "name": "left",
            "color": "FFA33F37",
            "size_mult": 2
        },
        {
            "name": "right",
            "color": "FF23A157",
            "size_mult": 2
        }
    ],
    "frames": [
        {
            "items": [
                {
                    "category": "head",
                    "position": "0.7219846, 1.586931, -0.7977049"
                },
                {
                    "category": "head",
                    "position": "0.7219846, 1.586931, -0.7977049",
                    "axis_x": "0.997273, -0.02242934, 0.07030924",
                    "axis_y": "0.01259346, 0.9904446, 0.1373348",
                    "axis_z": "-0.07271775, -0.1360748, 0.9880262",
                    "size": 0.25
                },
                {
                    "category": "left",
                    "position": "0.3958035, 0.8443403, -1.354341"
                },
                {
                    "category": "left",
                    "position": "0.3958035, 0.8443403, -1.354341",
                    "axis_x": "0.08012974, 0.6540569, -0.7521894",
                    "axis_y": "0.9938972, -0.1098207, 0.01038548",
                    "axis_z": "-0.0758132, -0.7484311, -0.6588653",
                    "size": 0.25
                },
                {
                    "category": "right",
                    "position": "1.614774, 1.359948, -0.7350231"
                },
                {
                    "category": "right",
                    "position": "1.614774, 1.359948, -0.7350231",
                    "axis_x": "0.04146995, 0.7864847, -0.6162161",
                    "axis_y": "-0.02851734, 0.617427, 0.7861111",
                    "axis_z": "0.9987328, -0.0150272, 0.0480331",
                    "size": 0.25
                },
                {
                    "position": "0, 0, 0",
                    "axis_x": "1, 0, 0",
                    "axis_y": "0, 1, 0",
                    "axis_z": "0, 0, 1",
                    "size": 1
                }
            ],
            "text": []
        }
    ],
    "text": []
}