{
    "categories": [
        {
            "name": "head",
            "color": "FFEBEBEB",
            "size_mult": 2
        },
        {
            "name": "left",
            "color": "FFA33F37",
            "size_mult": 2
        },
        {
            "name": "right",
            "color": "FF23A157",
            "size_mult": 2
        }
    ],
    "frames": [
        {
            "items": [
                {
                    "category": "head",
                    "position": "0.7190084, 1.586533, -0.8020256"
                },
                {
                    "category": "head",
                    "position": "0.7190084, 1.586533, -0.8020256",
                    "axis_x": "0.996539, -0.01646209, 0.08148044",
                    "axis_y": "0.003561547, 0.9877501, 0.1560032",
                    "axis_z": "-0.08305045, -0.1551731, 0.9843901",
                    "size": 0.25
                },
                {
                    "category": "left",
                    "position": "0.4313884, 0.8083286, -1.335457"
                },
                {
                    "category": "left",
                    "position": "0.4313884, 0.8083286, -1.335457",
                    "axis_x": "0.7742471, 0.2811681, -0.5669973",
                    "axis_y": "0.6298358, -0.4301288, 0.6467582",
                    "axis_z": "-0.06203404, -0.8578658, -0.5101157",
                    "size": 0.25
                },
                {
                    "category": "right",
                    "position": "1.602723, 1.360257, -0.7256074"
                },
                {
                    "category": "right",
                    "position": "1.602723, 1.360257, -0.7256074",
                    "axis_x": "0.1227918, 0.8009151, -0.5860522",
                    "axis_y": "-0.121514, 0.5982112, 0.7920718",
                    "axis_z": "0.9849652, -0.02604637, 0.1707779",
                    "size": 0.25
                },
                {
                    "position": "0, 0, 0",
                    "axis_x": "1, 0, 0",
                    "axis_y": "0, 1, 0",
                    "axis_z": "0, 0, 1",
                    "size": 1
                }
            ],
            "text": []
        }
    ],
    "text": []
}