{
    "categories": [
        {
            "name": "head",
            "color": "FFEBEBEB",
            "size_mult": 2
        },
        {
            "name": "left",
            "color": "FFA33F37",
            "size_mult": 2
        },
        {
            "name": "right",
            "color": "FF23A157",
            "size_mult": 2
        }
    ],
    "frames": [
        {
            "items": [
                {
                    "category": "head",
                    "position": "0.7172812, 1.593677, -0.8270078"
                },
                {
                    "category": "head",
                    "position": "0.7172812, 1.593677, -0.8270078",
                    "axis_x": "0.9984322, -0.02297832, 0.05103992",
                    "axis_y": "0.0176089, 0.9944981, 0.1032642",
                    "axis_z": "-0.05313194, -0.1022035, 0.9933436",
                    "size": 0.25
                },
                {
                    "category": "left",
                    "position": "0.4288777, 0.629908, -0.901656"
                },
                {
                    "category": "left",
                    "position": "0.4288777, 0.629908, -0.901656",
                    "axis_x": "0.8480387, -0.2499524, -0.4672839",
                    "axis_y": "0.4780712, -0.01960456, 0.8781023",
                    "axis_z": "-0.2286447, -0.9680597, 0.1028696",
                    "size": 0.25
                },
                {
                    "category": "right",
                    "position": "1.599207, 1.282916, -0.7917123"
                },
                {
                    "category": "right",
                    "position": "1.599207, 1.282916, -0.7917123",
                    "axis_x": "0.09926033, 0.9907754, -0.09225792",
                    "axis_y": "-0.1946068, 0.1102543, 0.9746652",
                    "axis_z": "0.9758461, -0.07879162, 0.2037555",
                    "size": 0.25
                },
                {
                    "position": "0, 0, 0",
                    "axis_x": "1, 0, 0",
                    "axis_y": "0, 1, 0",
                    "axis_z": "0, 0, 1",
                    "size": 1
                }
            ],
            "text": []
        }
    ],
    "text": []
}