{
    "categories": [
        {
            "name": "head",
            "color": "FFEBEBEB",
            "size_mult": 2
        },
        {
            "name": "left",
            "color": "FFA33F37",
            "size_mult": 2
        },
        {
            "name": "right",
            "color": "FF23A157",
            "size_mult": 2
        }
    ],
    "frames": [
        {
            "items": [
                {
                    "category": "head",
                    "position": "0.7085467, 1.598919, -0.8455241"
                },
                {
                    "category": "head",
                    "position": "0.7085467, 1.598919, -0.8455241",
                    "axis_x": "0.9967023, -0.0140094, 0.07992623",
                    "axis_y": "0.00826878, 0.9973914, 0.0717079",
                    "axis_z": "-0.08072232, -0.07081054, 0.9942182",
                    "size": 0.25
                },
                {
                    "category": "left",
                    "position": "-0.1512666, 1.297709, -0.9402189"
                },
                {
                    "category": "left",
                    "position": "-0.1512666, 1.297709, -0.9402189",
                    "axis_x": "0.05036536, -0.9652511, 0.2564248",
                    "axis_y": "-0.02346426, 0.2555361, 0.9665147",
                    "axis_z": "-0.9984552, -0.0546957, -0.009778708",
                    "size": 0.25
                },
                {
                    "category": "right",
                    "position": "1.589376, 1.292284, -0.7759652"
                },
                {
                    "category": "right",
                    "position": "1.589376, 1.292284, -0.7759652",
                    "axis_x": "0.1065919, 0.9906384, -0.08528599",
                    "axis_y": "-0.2163268, 0.1068253, 0.9704592",
                    "axis_z": "0.9704849, -0.08499345, 0.2256883",
                    "size": 0.25
                },
                {
                    "position": "0, 0, 0",
                    "axis_x": "1, 0, 0",
                    "axis_y": "0, 1, 0",
                    "axis_z": "0, 0, 1",
                    "size": 1
                }
            ],
            "text": []
        }
    ],
    "text": []
}