{
    "categories": [
        {
            "name": "head",
            "color": "FFEBEBEB",
            "size_mult": 2
        },
        {
            "name": "left",
            "color": "FFA33F37",
            "size_mult": 2
        },
        {
            "name": "right",
            "color": "FF23A157",
            "size_mult": 2
        }
    ],
    "frames": [
        {
            "items": [
                {
                    "category": "head",
                    "position": "0.7148646, 1.601677, -0.8546379"
                },
                {
                    "category": "head",
                    "position": "0.7148646, 1.601677, -0.8546379",
                    "axis_x": "0.9974533, -0.02248828, 0.06768445",
                    "axis_y": "0.01882953, 0.9983516, 0.05421682",
                    "axis_z": "-0.06879213, -0.05280428, 0.9962326",
                    "size": 0.25
                },
                {
                    "category": "left",
                    "position": "-0.1569194, 1.332577, -0.9627308"
                },
                {
                    "category": "left",
                    "position": "-0.1569194, 1.332577, -0.9627308",
                    "axis_x": "-0.07559201, -0.9067249, 0.4148923",
                    "axis_y": "-0.05691347, 0.4193278, 0.9060491",
                    "axis_z": "-0.9955133, 0.04487714, -0.08330268",
                    "size": 0.25
                },
                {
                    "category": "right",
                    "position": "1.592434, 1.309664, -0.7941039"
                },
                {
                    "category": "right",
                    "position": "1.592434, 1.309664, -0.7941039",
                    "axis_x": "0.08289468, 0.9963912, -0.01825047",
                    "axis_y": "-0.273228, 0.04033524, 0.9611033",
                    "axis_z": "0.958371, -0.07468387, 0.2755855",
                    "size": 0.25
                },
                {
                    "position": "0, 0, 0",
                    "axis_x": "1, 0, 0",
                    "axis_y": "0, 1, 0",
                    "axis_z": "0, 0, 1",
                    "size": 1
                }
            ],
            "text": []
        }
    ],
    "text": []
}