{
    "categories": [
        {
            "name": "head",
            "color": "FFEBEBEB",
            "size_mult": 2
        },
        {
            "name": "left",
            "color": "FFA33F37",
            "size_mult": 2
        },
        {
            "name": "right",
            "color": "FF23A157",
            "size_mult": 2
        }
    ],
    "frames": [
        {
            "items": [
                {
                    "category": "head",
                    "position": "0.7152818, 1.591104, -0.8113358"
                },
                {
                    "category": "head",
                    "position": "0.7152818, 1.591104, -0.8113358",
                    "axis_x": "0.9973843, -0.03137803, 0.06511495",
                    "axis_y": "0.02428418, 0.9939615, 0.1070091",
                    "axis_z": "-0.06807949, -0.1051479, 0.9921235",
                    "size": 0.25
                },
                {
                    "category": "left",
                    "position": "0.2773602, 0.7103828, -0.8361976"
                },
                {
                    "category": "left",
                    "position": "0.2773602, 0.7103828, -0.8361976",
                    "axis_x": "0.2152778, -0.2679215, 0.9390813",
                    "axis_y": "-0.726882, 0.5982201, 0.3373059",
                    "axis_z": "-0.6521488, -0.7552158, -0.06596383",
                    "size": 0.25
                },
                {
                    "category": "right",
                    "position": "1.587851, 1.207443, -0.8371949"
                },
                {
                    "category": "right",
                    "position": "1.587851, 1.207443, -0.8371949",
                    "axis_x": "0.3422471, 0.643558, 0.6846167",
                    "axis_y": "-0.1223924, -0.6918759, 0.7115672",
                    "axis_z": "0.9316045, -0.3273237, -0.1580259",
                    "size": 0.25
                },
                {
                    "position": "0, 0, 0",
                    "axis_x": "1, 0, 0",
                    "axis_y": "0, 1, 0",
                    "axis_z": "0, 0, 1",
                    "size": 1
                }
            ],
            "text": []
        }
    ],
    "text": []
}