{
    "categories": [
        {
            "name": "head",
            "color": "FFEBEBEB",
            "size_mult": 2
        },
        {
            "name": "left",
            "color": "FFA33F37",
            "size_mult": 2
        },
        {
            "name": "right",
            "color": "FF23A157",
            "size_mult": 2
        }
    ],
    "frames": [
        {
            "items": [
                {
                    "category": "head",
                    "position": "0.7109679, 1.60138, -0.8485048"
                },
                {
                    "category": "head",
                    "position": "0.7109679, 1.60138, -0.8485048",
                    "axis_x": "0.9984455, -0.01560706, 0.05350822",
                    "axis_y": "0.01252795, 0.9982724, 0.05740474",
                    "axis_z": "-0.0543117, -0.05664515, 0.9969161",
                    "size": 0.25
                },
                {
                    "category": "left",
                    "position": "-0.1297035, 1.200961, -1.016288"
                },
                {
                    "category": "left",
                    "position": "-0.1297035, 1.200961, -1.016288",
                    "axis_x": "0.2953584, -0.8115532, -0.5041279",
                    "axis_y": "0.224328, -0.4540066, 0.8622965",
                    "axis_z": "-0.9286767, -0.3677765, 0.04795931",
                    "size": 0.25
                },
                {
                    "category": "right",
                    "position": "1.590137, 1.312262, -0.7943717"
                },
                {
                    "category": "right",
                    "position": "1.590137, 1.312262, -0.7943717",
                    "axis_x": "0.07809764, 0.9969444, 0.001708597",
                    "axis_y": "-0.2703221, 0.01952642, 0.962572",
                    "axis_z": "0.9595973, -0.07563657, 0.2710209",
                    "size": 0.25
                },
                {
                    "position": "0, 0, 0",
                    "axis_x": "1, 0, 0",
                    "axis_y": "0, 1, 0",
                    "axis_z": "0, 0, 1",
                    "size": 1
                }
            ],
            "text": []
        }
    ],
    "text": []
}