{
    "categories": [
        {
            "name": "head",
            "color": "FFEBEBEB",
            "size_mult": 2
        },
        {
            "name": "left",
            "color": "FFA33F37",
            "size_mult": 2
        },
        {
            "name": "right",
            "color": "FF23A157",
            "size_mult": 2
        }
    ],
    "frames": [
        {
            "items": [
                {
                    "category": "head",
                    "position": "0.7190601, 1.591068, -0.8161626"
                },
                {
                    "category": "head",
                    "position": "0.7190601, 1.591068, -0.8161626",
                    "axis_x": "0.9975449, -0.03154075, 0.06252424",
                    "axis_y": "0.02508557, 0.9945228, 0.1014649",
                    "axis_z": "-0.06538206, -0.09964736, 0.9928724",
                    "size": 0.25
                },
                {
                    "category": "left",
                    "position": "0.3767208, 0.647662, -0.8693874"
                },
                {
                    "category": "left",
                    "position": "0.3767208, 0.647662, -0.8693874",
                    "axis_x": "0.6727904, -0.3288695, -0.6627201",
                    "axis_y": "0.6542325, -0.1537917, 0.7404917",
                    "axis_z": "-0.3454459, -0.9317688, 0.1116875",
                    "size": 0.25
                },
                {
                    "category": "right",
                    "position": "1.547774, 1.346595, -0.7358584"
                },
                {
                    "category": "right",
                    "position": "1.547774, 1.346595, -0.7358584",
                    "axis_x": "0.7197136, 0.219757, -0.6585736",
                    "axis_y": "-0.1507675, 0.9754171, 0.160719",
                    "axis_z": "0.6777031, -0.01638015, 0.7351531",
                    "size": 0.25
                },
                {
                    "position": "0, 0, 0",
                    "axis_x": "1, 0, 0",
                    "axis_y": "0, 1, 0",
                    "axis_z": "0, 0, 1",
                    "size": 1
                }
            ],
            "text": []
        }
    ],
    "text": []
}