{
    "categories": [
        {
            "name": "head",
            "color": "FFEBEBEB",
            "size_mult": 2
        },
        {
            "name": "left",
            "color": "FFA33F37",
            "size_mult": 2
        },
        {
            "name": "right",
            "color": "FF23A157",
            "size_mult": 2
        }
    ],
    "frames": [
        {
            "items": [
                {
                    "category": "head",
                    "position": "0.7149165, 1.590748, -0.8145926"
                },
                {
                    "category": "head",
                    "position": "0.7149165, 1.590748, -0.8145926",
                    "axis_x": "0.9974549, -0.02948202, 0.0649197",
                    "axis_y": "0.02268789, 0.9944215, 0.1030105",
                    "axis_z": "-0.0675945, -0.1012754, 0.9925594",
                    "size": 0.25
                },
                {
                    "category": "left",
                    "position": "0.315188, 0.6801076, -0.8169568"
                },
                {
                    "category": "left",
                    "position": "0.315188, 0.6801076, -0.8169568",
                    "axis_x": "0.821351, -0.4378882, 0.3655632",
                    "axis_y": "-0.2474741, 0.3038661, 0.9200119",
                    "axis_z": "-0.5139446, -0.8461201, 0.1412147",
                    "size": 0.25
                },
                {
                    "category": "right",
                    "position": "1.596928, 1.302032, -0.7638951"
                },
                {
                    "category": "right",
                    "position": "1.596928, 1.302032, -0.7638951",
                    "axis_x": "0.04970098, 0.9746044, -0.2183485",
                    "axis_y": "-0.2096066, 0.2239282, 0.951799",
                    "axis_z": "0.9765218, -0.001538098, 0.2154129",
                    "size": 0.25
                },
                {
                    "position": "0, 0, 0",
                    "axis_x": "1, 0, 0",
                    "axis_y": "0, 1, 0",
                    "axis_z": "0, 0, 1",
                    "size": 1
                }
            ],
            "text": []
        }
    ],
    "text": []
}