{
    "categories": [
        {
            "name": "head",
            "color": "FFEBEBEB",
            "size_mult": 2
        },
        {
            "name": "left",
            "color": "FFA33F37",
            "size_mult": 2
        },
        {
            "name": "right",
            "color": "FF23A157",
            "size_mult": 2
        }
    ],
    "frames": [
        {
            "items": [
                {
                    "category": "head",
                    "position": "0.7186135, 1.591706, -0.8202899"
                },
                {
                    "category": "head",
                    "position": "0.7186135, 1.591706, -0.8202899",
                    "axis_x": "0.9980354, -0.02700527, 0.05653408",
                    "axis_y": "0.02097564, 0.9942874, 0.1046549",
                    "axis_z": "-0.05903735, -0.1032635, 0.9929004",
                    "size": 0.25
                },
                {
                    "category": "left",
                    "position": "0.2618118, 0.7152454, -1.037424"
                },
                {
                    "category": "left",
                    "position": "0.2618118, 0.7152454, -1.037424",
                    "axis_x": "-0.2673758, 0.5747833, -0.7733916",
                    "axis_y": "0.7409869, -0.3904402, -0.5463471",
                    "axis_z": "-0.6159942, -0.7191529, -0.3215128",
                    "size": 0.25
                },
                {
                    "category": "right",
                    "position": "1.573504, 1.389924, -0.7826053"
                },
                {
                    "category": "right",
                    "position": "1.573504, 1.389924, -0.7826053",
                    "axis_x": "-0.2771426, 0.5469045, -0.7899923",
                    "axis_y": "-0.464135, 0.643706, 0.6084582",
                    "axis_z": "0.8412912, 0.5352926, 0.07543907",
                    "size": 0.25
                },
                {
                    "position": "0, 0, 0",
                    "axis_x": "1, 0, 0",
                    "axis_y": "0, 1, 0",
                    "axis_z": "0, 0, 1",
                    "size": 1
                }
            ],
            "text": []
        }
    ],
    "text": []
}