{
    "categories": [
        {
            "name": "head",
            "color": "FFEBEBEB",
            "size_mult": 2
        },
        {
            "name": "left",
            "color": "FFA33F37",
            "size_mult": 2
        },
        {
            "name": "right",
            "color": "FF23A157",
            "size_mult": 2
        }
    ],
    "frames": [
        {
            "items": [
                {
                    "category": "head",
                    "position": "0.7119807, 1.600211, -0.8527305"
                },
                {
                    "category": "head",
                    "position": "0.7119807, 1.600211, -0.8527305",
                    "axis_x": "0.9975357, -0.01538361, 0.06845374",
                    "axis_y": "0.01117318, 0.9980463, 0.061471",
                    "axis_z": "-0.06926564, -0.06055466, 0.9957587",
                    "size": 0.25
                },
                {
                    "category": "left",
                    "position": "-0.1447855, 1.242521, -0.9845324"
                },
                {
                    "category": "left",
                    "position": "-0.1447855, 1.242521, -0.9845324",
                    "axis_x": "0.1491164, -0.9127761, -0.3802685",
                    "axis_y": "0.09664819, -0.3692728, 0.9242817",
                    "axis_z": "-0.9840851, -0.1745778, 0.03315355",
                    "size": 0.25
                },
                {
                    "category": "right",
                    "position": "1.607668, 1.382284, -0.9418281"
                },
                {
                    "category": "right",
                    "position": "1.607668, 1.382284, -0.9418281",
                    "axis_x": "-0.01719654, -0.512336, -0.858613",
                    "axis_y": "-0.1911504, 0.8445853, -0.5001372",
                    "axis_z": "0.9814101, 0.1555236, -0.1124572",
                    "size": 0.25
                },
                {
                    "position": "0, 0, 0",
                    "axis_x": "1, 0, 0",
                    "axis_y": "0, 1, 0",
                    "axis_z": "0, 0, 1",
                    "size": 1
                }
            ],
            "text": []
        }
    ],
    "text": []
}