{
    "categories": [
        {
            "name": "head",
            "color": "FFEBEBEB",
            "size_mult": 2
        },
        {
            "name": "left",
            "color": "FFA33F37",
            "size_mult": 2
        },
        {
            "name": "right",
            "color": "FF23A157",
            "size_mult": 2
        }
    ],
    "frames": [
        {
            "items": [
                {
                    "category": "head",
                    "position": "0.7085259, 1.600487, -0.8472712"
                },
                {
                    "category": "head",
                    "position": "0.7085259, 1.600487, -0.8472712",
                    "axis_x": "0.998234, -0.01359457, 0.05782809",
                    "axis_y": "0.01006123, 0.9980896, 0.06095905",
                    "axis_z": "-0.05854633, -0.06026958, 0.9964637",
                    "size": 0.25
                },
                {
                    "category": "left",
                    "position": "-0.1050468, 1.184251, -1.04125"
                },
                {
                    "category": "left",
                    "position": "-0.1050468, 1.184251, -1.04125",
                    "axis_x": "0.4431275, -0.4234768, -0.79013",
                    "axis_y": "0.331166, -0.7417154, 0.5832559",
                    "axis_z": "-0.8330469, -0.5201209, -0.1884334",
                    "size": 0.25
                },
                {
                    "category": "right",
                    "position": "1.58688, 1.317803, -0.7843367"
                },
                {
                    "category": "right",
                    "position": "1.58688, 1.317803, -0.7843367",
                    "axis_x": "0.06883222, 0.9976262, 0.002025962",
                    "axis_y": "-0.2778709, 0.01722145, 0.960464",
                    "axis_z": "0.9581492, -0.06667385, 0.2783967",
                    "size": 0.25
                },
                {
                    "position": "0, 0, 0",
                    "axis_x": "1, 0, 0",
                    "axis_y": "0, 1, 0",
                    "axis_z": "0, 0, 1",
                    "size": 1
                }
            ],
            "text": []
        }
    ],
    "text": []
}