{
    "categories": [
        {
            "name": "head",
            "color": "FFEBEBEB",
            "size_mult": 2
        },
        {
            "name": "left",
            "color": "FFA33F37",
            "size_mult": 2
        },
        {
            "name": "right",
            "color": "FF23A157",
            "size_mult": 2
        }
    ],
    "frames": [
        {
            "items": [
                {
                    "category": "head",
                    "position": "0.7159814, 1.590821, -0.8080916"
                },
                {
                    "category": "head",
                    "position": "0.7159814, 1.590821, -0.8080916",
                    "axis_x": "0.9973076, -0.03251687, 0.06572846",
                    "axis_y": "0.02500416, 0.9933877, 0.1120522",
                    "axis_z": "-0.06893742, -0.110107, 0.9915261",
                    "size": 0.25
                },
                {
                    "category": "left",
                    "position": "0.4281387, 0.6573904, -0.8565678"
                },
                {
                    "category": "left",
                    "position": "0.4281387, 0.6573904, -0.8565678",
                    "axis_x": "0.9577134, 0.05725052, -0.2819708",
                    "axis_y": "0.2801746, 0.0374581, 0.959218",
                    "axis_z": "0.06547783, -0.9976569, 0.01983398",
                    "size": 0.25
                },
                {
                    "category": "right",
                    "position": "1.606154, 1.259807, -0.7808415"
                },
                {
                    "category": "right",
                    "position": "1.606154, 1.259807, -0.7808415",
                    "axis_x": "-0.004347295, 0.984935, 0.1728707",
                    "axis_y": "-0.09048402, -0.1725508, 0.980836",
                    "axis_z": "0.9958885, -0.01137817, 0.08987084",
                    "size": 0.25
                },
                {
                    "position": "0, 0, 0",
                    "axis_x": "1, 0, 0",
                    "axis_y": "0, 1, 0",
                    "axis_z": "0, 0, 1",
                    "size": 1
                }
            ],
            "text": []
        }
    ],
    "text": []
}