{
    "categories": [
        {
            "name": "head",
            "color": "FFEBEBEB",
            "size_mult": 2
        },
        {
            "name": "left",
            "color": "FFA33F37",
            "size_mult": 2
        },
        {
            "name": "right",
            "color": "FF23A157",
            "size_mult": 2
        }
    ],
    "frames": [
        {
            "items": [
                {
                    "category": "head",
                    "position": "0.7136573, 1.600548, -0.8558822"
                },
                {
                    "category": "head",
                    "position": "0.7136573, 1.600548, -0.8558822",
                    "axis_x": "0.9972025, -0.01986507, 0.07206036",
                    "axis_y": "0.01565424, 0.9981626, 0.05853599",
                    "axis_z": "-0.07309078, -0.05724418, 0.9956811",
                    "size": 0.25
                },
                {
                    "category": "left",
                    "position": "-0.1373768, 1.401737, -1.045922"
                },
                {
                    "category": "left",
                    "position": "-0.1373768, 1.401737, -1.045922",
                    "axis_x": "-0.07581875, 0.4338491, 0.8977898",
                    "axis_y": "0.208846, 0.8873201, -0.4111525",
                    "axis_z": "-0.9750051, 0.1563268, -0.1578832",
                    "size": 0.25
                },
                {
                    "category": "right",
                    "position": "1.59162, 1.305893, -0.7935841"
                },
                {
                    "category": "right",
                    "position": "1.59162, 1.305893, -0.7935841",
                    "axis_x": "0.08912414, 0.9956987, -0.02532247",
                    "axis_y": "-0.2736141, 0.04892063, 0.9605948",
                    "axis_z": "0.9577016, -0.07868364, 0.2767971",
                    "size": 0.25
                },
                {
                    "position": "0, 0, 0",
                    "axis_x": "1, 0, 0",
                    "axis_y": "0, 1, 0",
                    "axis_z": "0, 0, 1",
                    "size": 1
                }
            ],
            "text": []
        }
    ],
    "text": []
}