{
    "categories": [
        {
            "name": "head",
            "color": "FFEBEBEB",
            "size_mult": 2
        },
        {
            "name": "left",
            "color": "FFA33F37",
            "size_mult": 2
        },
        {
            "name": "right",
            "color": "FF23A157",
            "size_mult": 2
        }
    ],
    "frames": [
        {
            "items": [
                {
                    "category": "head",
                    "position": "0.7117947, 1.599647, -0.8522327"
                },
                {
                    "category": "head",
                    "position": "0.7117947, 1.599647, -0.8522327",
                    "axis_x": "0.9971595, -0.01801872, 0.07313175",
                    "axis_y": "0.01340993, 0.9979216, 0.06302911",
                    "axis_z": "-0.07411546, -0.06186938, 0.9953286",
                    "size": 0.25
                },
                {
                    "category": "left",
                    "position": "-0.1456033, 1.385641, -1.022729"
                },
                {
                    "category": "left",
                    "position": "-0.1456033, 1.385641, -1.022729",
                    "axis_x": "-0.1032739, 0.09507692, 0.9900985",
                    "axis_y": "0.1248449, 0.9887878, -0.08192892",
                    "axis_z": "-0.9867868, 0.1151476, -0.1139858",
                    "size": 0.25
                },
                {
                    "category": "right",
                    "position": "1.595908, 1.372674, -0.8194578"
                },
                {
                    "category": "right",
                    "position": "1.595908, 1.372674, -0.8194578",
                    "axis_x": "0.08126991, 0.419112, -0.90429",
                    "axis_y": "-0.1856218, 0.8977824, 0.3994138",
                    "axis_z": "0.9792547, 0.1353956, 0.150759",
                    "size": 0.25
                },
                {
                    "position": "0, 0, 0",
                    "axis_x": "1, 0, 0",
                    "axis_y": "0, 1, 0",
                    "axis_z": "0, 0, 1",
                    "size": 1
                }
            ],
            "text": []
        }
    ],
    "text": []
}