{
    "categories": [
        {
            "name": "head",
            "color": "FFEBEBEB",
            "size_mult": 2
        },
        {
            "name": "left",
            "color": "FFA33F37",
            "size_mult": 2
        },
        {
            "name": "right",
            "color": "FF23A157",
            "size_mult": 2
        }
    ],
    "frames": [
        {
            "items": [
                {
                    "category": "head",
                    "position": "0.7750539, 1.591486, -0.8675659"
                },
                {
                    "category": "head",
                    "position": "0.7750539, 1.591486, -0.8675659",
                    "axis_x": "0.4057193, -0.008291394, -0.9139601",
                    "axis_y": "0.1657944, 0.9840375, 0.06467123",
                    "axis_z": "0.8988348, -0.1777678, 0.4006176",
                    "size": 0.25
                },
                {
                    "category": "left",
                    "position": "0.72496, 2.098737, -0.6250618"
                },
                {
                    "category": "left",
                    "position": "0.72496, 2.098737, -0.6250618",
                    "axis_x": "-0.1986575, 0.06172875, 0.9781232",
                    "axis_y": "0.9796267, -0.01747826, 0.2000658",
                    "axis_z": "0.02944565, 0.9979399, -0.05699894",
                    "size": 0.25
                },
                {
                    "category": "right",
                    "position": "0.9055685, 2.113291, -1.078288"
                },
                {
                    "category": "right",
                    "position": "0.9055685, 2.113291, -1.078288",
                    "axis_x": "-0.71268, -0.2444155, 0.657532",
                    "axis_y": "0.6797109, -0.008857429, 0.7334266",
                    "axis_z": "-0.1734368, 0.9696301, 0.1724444",
                    "size": 0.25
                },
                {
                    "position": "0, 0, 0",
                    "axis_x": "1, 0, 0",
                    "axis_y": "0, 1, 0",
                    "axis_z": "0, 0, 1",
                    "size": 1
                }
            ],
            "text": []
        }
    ],
    "text": []
}