{
    "categories": [
        {
            "name": "head",
            "color": "FFEBEBEB",
            "size_mult": 2
        },
        {
            "name": "left",
            "color": "FFA33F37",
            "size_mult": 2
        },
        {
            "name": "right",
            "color": "FF23A157",
            "size_mult": 2
        }
    ],
    "frames": [
        {
            "items": [
                {
                    "category": "head",
                    "position": "0.7787857, 1.592681, -0.8582699"
                },
                {
                    "category": "head",
                    "position": "0.7787857, 1.592681, -0.8582699",
                    "axis_x": "0.4032701, -0.01140634, -0.9150099",
                    "axis_y": "0.1646992, 0.984498, 0.0603149",
                    "axis_z": "0.9001374, -0.1750246, 0.3988973",
                    "size": 0.25
                },
                {
                    "category": "left",
                    "position": "0.629212, 2.122895, -0.6917904"
                },
                {
                    "category": "left",
                    "position": "0.629212, 2.122895, -0.6917904",
                    "axis_x": "0.9344513, 0.3556511, -0.01769419",
                    "axis_y": "-0.1257454, 0.2830835, -0.9508165",
                    "axis_z": "-0.33315, 0.8907166, 0.3092493",
                    "size": 0.25
                },
                {
                    "category": "right",
                    "position": "0.8091405, 2.124153, -1.096923"
                },
                {
                    "category": "right",
                    "position": "0.8091405, 2.124153, -1.096923",
                    "axis_x": "-0.4176735, -0.3294, -0.8467849",
                    "axis_y": "-0.9044421, 0.06170169, 0.4221107",
                    "axis_z": "-0.08679515, 0.9421723, -0.3236944",
                    "size": 0.25
                },
                {
                    "position": "0, 0, 0",
                    "axis_x": "1, 0, 0",
                    "axis_y": "0, 1, 0",
                    "axis_z": "0, 0, 1",
                    "size": 1
                }
            ],
            "text": []
        }
    ],
    "text": []
}