{
    "categories": [
        {
            "name": "head",
            "color": "FFEBEBEB",
            "size_mult": 2
        },
        {
            "name": "left",
            "color": "FFA33F37",
            "size_mult": 2
        },
        {
            "name": "right",
            "color": "FF23A157",
            "size_mult": 2
        }
    ],
    "frames": [
        {
            "items": [
                {
                    "category": "head",
                    "position": "0.7687545, 1.590612, -0.8689346"
                },
                {
                    "category": "head",
                    "position": "0.7687545, 1.590612, -0.8689346",
                    "axis_x": "0.404943, -0.008503214, -0.9143023",
                    "axis_y": "0.1655949, 0.9841027, 0.06418933",
                    "axis_z": "0.8992215, -0.1773968, 0.3999136",
                    "size": 0.25
                },
                {
                    "category": "left",
                    "position": "0.5845556, 2.099806, -0.7476664"
                },
                {
                    "category": "left",
                    "position": "0.5845556, 2.099806, -0.7476664",
                    "axis_x": "0.7977865, 0.5712802, -0.1928098",
                    "axis_y": "-0.2494035, 0.02153043, -0.9681603",
                    "axis_z": "-0.5489396, 0.8204727, 0.159656",
                    "size": 0.25
                },
                {
                    "category": "right",
                    "position": "0.7717861, 2.097083, -1.136253"
                },
                {
                    "category": "right",
                    "position": "0.7717861, 2.097083, -1.136253",
                    "axis_x": "-0.3161463, -0.5184667, -0.7945086",
                    "axis_y": "-0.8558527, -0.2054864, 0.4746488",
                    "axis_z": "-0.4093503, 0.8300408, -0.3787674",
                    "size": 0.25
                },
                {
                    "position": "0, 0, 0",
                    "axis_x": "1, 0, 0",
                    "axis_y": "0, 1, 0",
                    "axis_z": "0, 0, 1",
                    "size": 1
                }
            ],
            "text": []
        }
    ],
    "text": []
}