{
    "categories": [
        {
            "name": "head",
            "color": "FFEBEBEB",
            "size_mult": 2
        },
        {
            "name": "left",
            "color": "FFA33F37",
            "size_mult": 2
        },
        {
            "name": "right",
            "color": "FF23A157",
            "size_mult": 2
        }
    ],
    "frames": [
        {
            "items": [
                {
                    "category": "head",
                    "position": "0.7651255, 1.590796, -0.8651543"
                },
                {
                    "category": "head",
                    "position": "0.7651255, 1.590796, -0.8651543",
                    "axis_x": "0.4054916, -0.009345621, -0.914051",
                    "axis_y": "0.1695027, 0.9833746, 0.06514043",
                    "axis_z": "0.8982458, -0.181348, 0.4003342",
                    "size": 0.25
                },
                {
                    "category": "left",
                    "position": "0.7621297, 2.040299, -0.644084"
                },
                {
                    "category": "left",
                    "position": "0.7621297, 2.040299, -0.644084",
                    "axis_x": "0.6305298, -0.6994089, 0.3365403",
                    "axis_y": "0.5788735, 0.1349114, -0.8041793",
                    "axis_z": "0.517047, 0.7018733, 0.489935",
                    "size": 0.25
                },
                {
                    "category": "right",
                    "position": "0.9376646, 2.064254, -1.055136"
                },
                {
                    "category": "right",
                    "position": "0.9376646, 2.064254, -1.055136",
                    "axis_x": "-0.3748235, 0.6871092, -0.6224052",
                    "axis_y": "-0.6410632, 0.2928937, 0.709402",
                    "axis_z": "0.6697353, 0.6649016, 0.330697",
                    "size": 0.25
                },
                {
                    "position": "0, 0, 0",
                    "axis_x": "1, 0, 0",
                    "axis_y": "0, 1, 0",
                    "axis_z": "0, 0, 1",
                    "size": 1
                }
            ],
            "text": []
        }
    ],
    "text": []
}