{
    "categories": [
        {
            "name": "head",
            "color": "FFEBEBEB",
            "size_mult": 2
        },
        {
            "name": "left",
            "color": "FFA33F37",
            "size_mult": 2
        },
        {
            "name": "right",
            "color": "FF23A157",
            "size_mult": 2
        }
    ],
    "frames": [
        {
            "items": [
                {
                    "category": "head",
                    "position": "0.7785726, 1.590865, -0.8650064"
                },
                {
                    "category": "head",
                    "position": "0.7785726, 1.590865, -0.8650064",
                    "axis_x": "0.4133374, -0.01626566, -0.9104327",
                    "axis_y": "0.1726919, 0.9830952, 0.06083848",
                    "axis_z": "0.8940524, -0.1823712, 0.4091589",
                    "size": 0.25
                },
                {
                    "category": "left",
                    "position": "0.7167788, 2.098909, -0.715457"
                },
                {
                    "category": "left",
                    "position": "0.7167788, 2.098909, -0.715457",
                    "axis_x": "0.9230797, -0.222778, 0.3135184",
                    "axis_y": "0.3418385, 0.101628, -0.9342474",
                    "axis_z": "0.1762675, 0.9695575, 0.1699648",
                    "size": 0.25
                },
                {
                    "category": "right",
                    "position": "0.8928161, 2.099921, -1.056995"
                },
                {
                    "category": "right",
                    "position": "0.8928161, 2.099921, -1.056995",
                    "axis_x": "-0.6643268, 0.436908, -0.6064498",
                    "axis_y": "-0.6080003, 0.1560504, 0.7784497",
                    "axis_z": "0.4347476, 0.8858666, 0.1619718",
                    "size": 0.25
                },
                {
                    "position": "0, 0, 0",
                    "axis_x": "1, 0, 0",
                    "axis_y": "0, 1, 0",
                    "axis_z": "0, 0, 1",
                    "size": 1
                }
            ],
            "text": []
        }
    ],
    "text": []
}