{
    "categories": [
        {
            "name": "head",
            "color": "FFEBEBEB",
            "size_mult": 2
        },
        {
            "name": "left",
            "color": "FFA33F37",
            "size_mult": 2
        },
        {
            "name": "right",
            "color": "FF23A157",
            "size_mult": 2
        }
    ],
    "frames": [
        {
            "items": [
                {
                    "category": "head",
                    "position": "0.8274676, 1.587302, -0.9135356"
                },
                {
                    "category": "head",
                    "position": "0.8274676, 1.587302, -0.9135356",
                    "axis_x": "0.3662838, -0.04957139, -0.9291818",
                    "axis_y": "0.1080294, 0.9940928, -0.01044913",
                    "axis_z": "0.9242109, -0.0965516, 0.3694752",
                    "size": 0.25
                },
                {
                    "category": "left",
                    "position": "0.4800859, 1.405622, -0.2500234"
                },
                {
                    "category": "left",
                    "position": "0.4800859, 1.405622, -0.2500234",
                    "axis_x": "0.9150253, -0.3454879, 0.2082469",
                    "axis_y": "0.3191091, 0.9357307, 0.1502578",
                    "axis_z": "-0.2467753, -0.07103624, 0.9664657",
                    "size": 0.25
                },
                {
                    "category": "right",
                    "position": "0.9317786, 1.433341, -0.2670785"
                },
                {
                    "category": "right",
                    "position": "0.9317786, 1.433341, -0.2670785",
                    "axis_x": "0.8929334, 0.4406873, -0.09200406",
                    "axis_y": "-0.4270592, 0.8938428, 0.1366218",
                    "axis_z": "0.1424446, -0.08270296, 0.9863416",
                    "size": 0.25
                },
                {
                    "position": "0, 0, 0",
                    "axis_x": "1, 0, 0",
                    "axis_y": "0, 1, 0",
                    "axis_z": "0, 0, 1",
                    "size": 1
                }
            ],
            "text": []
        }
    ],
    "text": []
}