{
    "categories": [
        {
            "name": "head",
            "color": "FFEBEBEB",
            "size_mult": 2
        },
        {
            "name": "left",
            "color": "FFA33F37",
            "size_mult": 2
        },
        {
            "name": "right",
            "color": "FF23A157",
            "size_mult": 2
        }
    ],
    "frames": [
        {
            "items": [
                {
                    "category": "head",
                    "position": "0.8238718, 1.589047, -0.9163806"
                },
                {
                    "category": "head",
                    "position": "0.8238718, 1.589047, -0.9163806",
                    "axis_x": "0.3945321, -0.04817145, -0.9176186",
                    "axis_y": "0.09535496, 0.9953797, -0.01125554",
                    "axis_z": "0.9139211, -0.08305881, 0.3973026",
                    "size": 0.25
                },
                {
                    "category": "left",
                    "position": "0.4786232, 1.337439, -0.2718173"
                },
                {
                    "category": "left",
                    "position": "0.4786232, 1.337439, -0.2718173",
                    "axis_x": "-0.6485663, -0.7607774, 0.02407818",
                    "axis_y": "0.7506351, -0.6340376, 0.1858593",
                    "axis_z": "-0.1261311, 0.138616, 0.9822813",
                    "size": 0.25
                },
                {
                    "category": "right",
                    "position": "0.953863, 1.367761, -0.2679588"
                },
                {
                    "category": "right",
                    "position": "0.953863, 1.367761, -0.2679588",
                    "axis_x": "-0.5478995, 0.8308259, 0.09764426",
                    "axis_y": "-0.7935714, -0.5531311, 0.2535559",
                    "axis_z": "0.2646708, 0.06143544, 0.9623799",
                    "size": 0.25
                },
                {
                    "position": "0, 0, 0",
                    "axis_x": "1, 0, 0",
                    "axis_y": "0, 1, 0",
                    "axis_z": "0, 0, 1",
                    "size": 1
                }
            ],
            "text": []
        }
    ],
    "text": []
}