{
    "categories": [
        {
            "name": "head",
            "color": "FFEBEBEB",
            "size_mult": 2
        },
        {
            "name": "left",
            "color": "FFA33F37",
            "size_mult": 2
        },
        {
            "name": "right",
            "color": "FF23A157",
            "size_mult": 2
        }
    ],
    "frames": [
        {
            "items": [
                {
                    "category": "head",
                    "position": "0.833958, 1.582007, -0.9215434"
                },
                {
                    "category": "head",
                    "position": "0.833958, 1.582007, -0.9215434",
                    "axis_x": "0.3375799, -0.04270411, -0.9403278",
                    "axis_y": "0.1215208, 0.9925878, -0.001451209",
                    "axis_z": "0.9334198, -0.1137794, 0.3402672",
                    "size": 0.25
                },
                {
                    "category": "left",
                    "position": "0.5112531, 1.375034, -0.2335363"
                },
                {
                    "category": "left",
                    "position": "0.5112531, 1.375034, -0.2335363",
                    "axis_x": "0.3908893, -0.904988, 0.1679357",
                    "axis_y": "0.8966315, 0.4156152, 0.152696",
                    "axis_z": "-0.2079847, 0.09088916, 0.9739002",
                    "size": 0.25
                },
                {
                    "category": "right",
                    "position": "0.9164919, 1.396064, -0.2534027"
                },
                {
                    "category": "right",
                    "position": "0.9164919, 1.396064, -0.2534027",
                    "axis_x": "0.3910219, 0.9197502, -0.03407884",
                    "axis_y": "-0.9079214, 0.3915359, 0.1495936",
                    "axis_z": "0.1509319, -0.02755348, 0.9881601",
                    "size": 0.25
                },
                {
                    "position": "0, 0, 0",
                    "axis_x": "1, 0, 0",
                    "axis_y": "0, 1, 0",
                    "axis_z": "0, 0, 1",
                    "size": 1
                }
            ],
            "text": []
        }
    ],
    "text": []
}