{
    "categories": [
        {
            "name": "head",
            "color": "FFEBEBEB",
            "size_mult": 2
        },
        {
            "name": "left",
            "color": "FFA33F37",
            "size_mult": 2
        },
        {
            "name": "right",
            "color": "FF23A157",
            "size_mult": 2
        }
    ],
    "frames": [
        {
            "items": [
                {
                    "category": "head",
                    "position": "0.827516, 1.588509, -0.9099753"
                },
                {
                    "category": "head",
                    "position": "0.827516, 1.588509, -0.9099753",
                    "axis_x": "0.3781098, -0.048202, -0.924505",
                    "axis_y": "0.1079552, 0.9941261, -0.007679719",
                    "axis_z": "0.9194447, -0.09690139, 0.3810925",
                    "size": 0.25
                },
                {
                    "category": "left",
                    "position": "0.4123351, 1.390505, -0.2489519"
                },
                {
                    "category": "left",
                    "position": "0.4123351, 1.390505, -0.2489519",
                    "axis_x": "0.7737529, 0.201194, 0.6006892",
                    "axis_y": "-0.3373352, 0.9334625, 0.1218718",
                    "axis_z": "-0.536201, -0.2969323, 0.7901391",
                    "size": 0.25
                },
                {
                    "category": "right",
                    "position": "0.9906281, 1.44391, -0.2620994"
                },
                {
                    "category": "right",
                    "position": "0.9906281, 1.44391, -0.2620994",
                    "axis_x": "0.8673055, -0.1898713, -0.4601414",
                    "axis_y": "0.2479289, 0.9663491, 0.0685617",
                    "axis_z": "0.4316394, -0.1735463, 0.8851944",
                    "size": 0.25
                },
                {
                    "position": "0, 0, 0",
                    "axis_x": "1, 0, 0",
                    "axis_y": "0, 1, 0",
                    "axis_z": "0, 0, 1",
                    "size": 1
                }
            ],
            "text": []
        }
    ],
    "text": []
}