{
    "categories": [
        {
            "name": "head",
            "color": "FFEBEBEB",
            "size_mult": 2
        },
        {
            "name": "left",
            "color": "FFA33F37",
            "size_mult": 2
        },
        {
            "name": "right",
            "color": "FF23A157",
            "size_mult": 2
        }
    ],
    "frames": [
        {
            "items": [
                {
                    "category": "head",
                    "position": "0.8264599, 1.588868, -0.9150648"
                },
                {
                    "category": "head",
                    "position": "0.8264599, 1.588868, -0.9150648",
                    "axis_x": "0.3864667, -0.05032384, -0.9209294",
                    "axis_y": "0.1011319, 0.9948016, -0.01192071",
                    "axis_z": "0.916742, -0.08852835, 0.3895471",
                    "size": 0.25
                },
                {
                    "category": "left",
                    "position": "0.4901486, 1.308427, -0.2761971"
                },
                {
                    "category": "left",
                    "position": "0.4901486, 1.308427, -0.2761971",
                    "axis_x": "-0.3650975, -0.9109394, -0.1920761",
                    "axis_y": "0.918137, -0.386456, 0.08761337",
                    "axis_z": "-0.1540394, -0.1443648, 0.9774613",
                    "size": 0.25
                },
                {
                    "category": "right",
                    "position": "0.915182, 1.354068, -0.2934695"
                },
                {
                    "category": "right",
                    "position": "0.915182, 1.354068, -0.2934695",
                    "axis_x": "0.0691754, 0.9548013, 0.2890837",
                    "axis_y": "-0.9858671, 0.02110776, 0.1661943",
                    "axis_z": "0.1525806, -0.2964946, 0.9427673",
                    "size": 0.25
                },
                {
                    "position": "0, 0, 0",
                    "axis_x": "1, 0, 0",
                    "axis_y": "0, 1, 0",
                    "axis_z": "0, 0, 1",
                    "size": 1
                }
            ],
            "text": []
        }
    ],
    "text": []
}